5 9
37 35 89 97 55 11 45 52 37 
92 53 42 86 83 68 52 60 20 
66 36 10 74 15 40 33 39 58 
15 100 12 43 88 47 31 36 53 
94 81  4 30 24  8 23  9 90 
1 10
 1 62 25 89 23 51  3 62 83 93 
10 7
92 83 91 31 81 74 67 
86 67 99 89 96 22 49 
70 30 90 12 89 91 73 
66 79 95 16 81  9 50 
25 80 46 17 62 36 99 
43  9 65 28 27 63 68 
74 84 68 44 13 58 55 
54 48 80 19 78 26 86 
10 34 35 34 13 32  2 
27 67  1 21 28 65 100 
4 8
67 28 63 87 23 76 44 29 
29 43  8 99 20 86 84 29 
19 70 14 84  1 16 10 19 
16 30 46 32 29 52 59 47 
1 2
33 53 
9 8
33 29 70 41 27 89 78 62 
69 96 31 35 31 31 50 40 
 1 17 21 47 48  1 50 59 
48 32 80 32 84 80 60 68 
 8 29 60 86 70 37 47 90 
33 29 24 15 11 25 55 11 
41 27  9 89 28 10 47 75 
41 78 58 76 57 17 44 16 
98  3  1 19 40 99  8 24 
7 4
38 37  8 44 
99 49 71  8 
89 98 69 87 
24 10 64 81 
85 72 50 28 
39 99 83 39 
17 22 37 24 
5 5
59 34  3 67 78 
53 67 100 12 55 
97 81 93 72 90 
56  4 74 79 53 
54 17 51 36  7 
9 9
95 95  5  9 53 38 63 19 67 
15 37 66 27 91 14  7 83 85 
48 90 89 73 20 93 26 36 96 
13 42 14 73 88  8 77 48 61 
15 10 31 33 25 68 99  3 10 
64 61 45 49  8 86 89 80  6 
81 58 93 76 22 87 42 95 74 
49 71 22 61 37 31 44 70  7 
11 20 61 72 35 21 68 83 80 
