10 4
 1 56 21 37 
73 58 84 51 
93 51 88 64 
49 65 68 76 
41 85 67 25 
44 30 16 71 
51 27 45 91 
19 44 44 71 
51 17  7 75 
74 42 25 19 
2 2
82 41 
28  1 
6 8
86 35 44 29 64 59 99 14 
37 95  4 55 90 100 77 40 
16 35 14 41 77 91 59 68 
 2 93  8 82 93 76 49 78 
10 45 58 25 55 57 38 92 
 3 93 98 93 92 75 32 59 
9 8
100 85 88 58 53 41  2 12 
22 95 39 23 24 100 67 82 
24 73 90 61 64 92  6 62 
36 97 36 68  8 44 17  7 
81  4 16 85 44 18 48 18 
12 87 40 87 86 58 20 10 
30  9 22 46 53 27  7 88 
76 94  7 83 37 23 41 69 
78 56 53 22 73  1 91 36 
9 2
23 76 
91 94 
37 20 
55 59 
17  7 
37 23 
46 64 
16  5 
98  5 
9 8
73 57 94 78 30 18 30 20 
54 68  1 28 43 91 73 32 
62 27 42 79 85 78 53 83 
42 69 87 39 25 65 29 97 
21 22 26 50 39 55 21 44 
74 73 23 69 63 96 100 77 
22 41  7  7 18 59 89 11 
27 27  2  3 91 30 100 64 
 3 77 65 93 32 38 37  5 
10 1
73 
73 
 6 
72 
 1 
28 
64 
 7 
86 
82 
5 6
44 44 52 97 46 94 
78 97  9 80 74 74 
25 57 63 61 61 72 
71 86 44 29 57 96 
 8 21  2 93 54 67 
10 9
62 73 98  7 66 27  4 27  7 
29 52 31 85 14 43 45 85 65 
82 81 93 39 76 100 11 78 44 
16 96 13 16 57 85 65 15  3 
92 70 29 50 98 80 32 82 93 
74 79 29 90 60  9 83 50 85 
34 12 14 30 79 61 94 47 69 
31 11 83 33  2 53 13  3  2 
44 34 36 88 59 66 16 49 25 
25 83 27 61 68 90 74 97 21 
4 1
67 
 2 
73 
29 
6 5
83 40 69 85 42 
12 19 77 99 77 
42 66 77 18 90 
11 96 50 79 86 
75 75  6 60 17 
24 13 89 52 49 
5 6
88 65 71 81 28 41 
 9 78 69 50 44 46 
20 33 56 67 35 34 
52  9 61  9 69 29 
84 81 70 88 81 66 
3 1
31 
43 
 1 
8 3
10 36 52 
11 79 49 
82 63  4 
49 97 90 
100 58  2 
61 78 82 
96 10 51 
83 91 69 
6 1
99 
50 
11 
 8 
85 
72 
3 8
35 73 36 16 36 91 64 84 
32 16 93 85 28 70 67 23 
80 69  6 70 37 13 32 87 
4 4
95 98 66 37 
85 100 62 72 
67 97 63 31 
32 94 46 25 
1 3
94 97 95 
5 7
52 46 54 16 77 40 30 
23 86 27 40 75 64 91 
36 35 57 32 97 87 15 
43 84 39 73 56 85 21 
 3  9 37  6 55 90 22 
3 2
51  5 
67 29 
44 41 
2 4
28 27 91 11 
23 29 26 17 
3 6
89 20 100  9 22 61 
98 80 67 87  1 49 
20  3  6 39 31  1 
1 3
87 59  1 
9 9
75 57 94 92 21 62 32 41 61 
93 14 73 90 93 39 28 45 40 
100 47 97 38 30 97 20  4 83 
30  4 11 99 30 20 44 21 40 
 5  5 80 18 97 46 90 38 90 
29 17 35 20 16 33 16  5 62 
12 25 65 47 54 20  9  4 50 
28 48 22 68  4 26 99 21 74 
96 11 63 86 91 80 72 62 95 
4 7
52 66 40 76 82 86 81 
 2 47 37  3 74 36 24 
93 39  2 44 12 75 39 
74 38 76 64 69 47 25 
3 1
53 
14 
68 
2 1
49 
30 
4 2
76 10 
56 49 
45 80 
94 35 
1 9
46  7 79 19 96 55 82 64 53 
8 7
 3 10 92 22 54 85 71 
83 58 24 10 19 80 10 
63 11  3 97 91 91 95 
49 70 13 45 76 47  8 
28  4 86 83 66 30  4 
71 14 74  5 23 50 14 
41 81 23 55 91 78  3 
81 20 97 29 41 10 25 
6 8
33 96 63 70 78 28 99 81 
50 12  7 54 86 56 19 78 
36 94 84 78 71 87 58 42 
35 38 83 96 63 50  3 47 
45 66 16 22 45 15  3 47 
78 61 100 16 68 71 93 55 
4 7
32 34 15 89 75  1 78 
 9 97 92 59 51 90  3 
68 58 77 65 72 31 11 
 1 91 62 16 58 32 61 
2 5
89 95 80  3 83 
55 55 12 15 51 
6 3
54 45 28 
73  2  4 
37 25 34 
99 78 76 
61 45 85 
92  5 48 
9 5
42 18 47 76 24 
 2 87 39  4 94 
63  9 91 90 82 
44 45 18 69 30 
17 98  5 29 42 
89 72 99 36 10 
43 77 80 42 52 
55 95 91 45 50 
36  8 59 26 49 
2 10
94 61 90 23 77 87 28 57 80 68 
29 30 56 90 73 84 69 66 88 76 
2 10
20 13 65 79 71 91 28 14 12 21 
75  1 95  3 39 74 60 70 94 88 
10 9
77 24 32 98 41 71 73 52 100 
44 64 65 23 87  7 50 100 18 
22 74 70 16 29 60 42 88 29 
35 75 28 83  3 51 66 52 91 
37 76 94 36 20 58 52 42 96 
10 91 95 27 64 21 48 79 49 
 7 20 36 36  6 62 15 88 16 
66  6 20  8 94 95  2 81 14 
11 33 55  6 42 97 100 21 60 
72 20 91 72 27 62 59 14 68 
10 8
 7 88 93 12  7 53  5 53 
54 86 67 16 70 73 21 63 
70 72 83 29 44  3 19 15 
81 81 74 94 100 45 21  6 
84 66 18 42 70 74 95 23 
11 61 38 80 33 10 43 54 
81 77 83 76 31 53 91 11 
85 16 56 84 12 29 90 48 
94 59 89 63 84 83 37 95 
95 26 74 80 35 68 33 15 
5 7
91 27 72 33 90 56 100 
45 92 63 73 33 10 18 
43 51 32 26 33 68 20 
80 45 46 11 79 13 43 
46  9 62 88 88 33 72 
7 10
23 21 83 85 46 15 47 63 57 97 
95 83 81 14 54 60 59 99 70 89 
64 65 86 24 78 25 11 62 48 87 
 1 70 60 36  7  5 50 53 19 59 
49 13 93 29 79 46 41 89 97 62 
77 60 78 15 35 55 39 46 68 39 
84 21  8 95 56 14 51 57 18 70 
5 6
34  7 47 12  5 39 
52  1 100 29 60 30 
95 46 36 85 91  4 
23 27 24 31 21 79 
96 72 35 14 93  2 
1 6
 8 29 90 12 67 41 
