2 8
17 76 70 50 27 14 71 11 
46 11 96 84 80 79 57 32 
5 10
60 50 50 40 22 83 45 87 43 20 
38  5 80 55 80 49 56  7 15 27 
69 60 89 65 95 68 95  4 99 71 
73 10 72 23  1 93 57 46 31 100 
17 69  4 48 23 35 49 78 41 63 
6 2
74 45 
26 69 
64 72 
72 15 
42 96 
24 13 
10 5
57 27 22 88 26 
38 56 81 38 30 
15 86  7  8 48 
15 69 21 59 46 
41 22 69 64 36 
10 60 60 74 29 
36 30  7 57 17 
32 94 72 64 83 
53 79 68 60 86 
15 26  6 88 84 
3 10
57 71 44 45 80 55 56  5 35 91 
34 42 47  3 25 92 26 89 75 79 
19 42 90 56  9 15 61 48 98 63 
7 6
33 22 50 64 76  5 
20 63 47 53 56 93 
55 32 85 81 72 11 
59 90  4 48 45 64 
14 57 11 63 71 90 
68 55 11 18 18 39 
74 89  1 21 42  8 
5 8
39  1 80 11 11 90 52 67 
89 49 30  2  5 41 64 76 
30 32 82 40  1 52 30 26 
40 30 98 81 89 63 81 28 
63 60 90 26 50 41 92 38 
9 1
40 
94 
13 
55 
21 
94 
86 
54 
86 
8 5
15 64 45 97 13 
77 85 75 57 64 
90 17 53 67 18 
94 10  7 82 82 
98 27 95 53 99 
88 90 53 25 28 
 9 40 43 53 36 
55 30 72 82 38 
6 3
 6 88 89 
23 81 50 
82 15 31 
79 93 25 
31 92 65 
73 96 89 
2 4
80 94 57 67 
100 38 39 33 
7 4
55 33 61 95 
 7 94 44 88 
60 27 19 52 
 3  1 43 19 
73 90 60 24 
94 39 69  2 
 6 21 91 44 
3 7
69 60  1 81  6 60 74 
 2 99 33 28 17 37 82 
18 79  1 42 69 60 18 
4 8
38 15  3 58  5 98 63 73 
18 74 74 99 79 33 24 32 
31  9 11 100 45 93 17 23 
93 10 43 52 79 56  1 17 
2 6
74 78 53 88 51 71 
61 24 69 92  8 44 
3 8
52 34 37 96 78  5 71 70 
67 65 21 45 73 21 61 94 
76 87 72 81 74 22  3 35 
7 3
78 56 66 
100 93 18 
85 82 65 
62 38 35 
83 56 52 
 3  1 24 
76 13 17 
3 9
40 35 25 61 37 11  9 59 88 
64 77 39  9 46 76 42 10 37 
31 97 20 87 48 74 39 71  1 
1 9
 4  2 79 90 26 91 27 36 100 
7 5
63 65 13 23 10 
88 64 20 77 95 
68 96 81 15 21 
71 37 22 21 75 
77 22  5 66 47 
96 44 34 95 33 
 8  9 97 73 84 
7 10
47 78 36 93 97 83 25 63 56 95 
99 77 16 25  5 89 30 22 88 77 
18 73 23 50 81 83 98 53 66 56 
64 65 85 52 57 81 34 34 43 89 
28 93 17 95 18 73 36 99 95 23 
75 64 95 49 65 27 31 62 31 97 
70 95 61 54 98 69 35 31  2 29 
2 2
22 40 
28 91 
3 3
89 59 37 
15 22 84 
63 86 10 
3 9
93 41 68 87 53 74 84 22 60 
66 75 88 89  8  9 81 36 99 
45 50 39  3 87 53 76 22 67 
3 3
12 11 75 
52 31 13 
 5  4 48 
8 3
14 52  2 
54 60 63 
86 47 13 
30 96 52 
32 34 56 
59  7 75 
71 90 86 
34 64 89 
6 7
45 71 24 22 85 89 26 
86 95 37 48 80 83 61 
10 30 64 93 16 19 52 
22 93 74 11 30 59 75 
19 74 51 63 44 26 37 
28 15 62 14  9 98 13 
8 2
25 49 
61 88 
42 28 
59 45 
50 51 
70 60 
33 29 
86 51 
2 8
13 46 14  1 25 28 62 90 
88 11  3 27 42 27 76 55 
7 9
82 25 13 31 27 82 43 59 62 
80  9 64 68 74 61 81 74 37 
60 88 27 47 98 29 25 40  7 
100 94 73 20 27 49 84 10 76 
18 52 34 79 31 43 94 50 68 
54 30 93 91 41 80 69 39 78 
49 64 17 55 15 62 80 35 88 
8 8
97  3 35 100 89 66 83 83 
59 32 50 65 62 42  7 54 
22 75 93 51 23 56 67 29 
70 80  8 56 19 88 26 68 
42 12 67 30 77  1 12 88 
33 61 52 46 55 58 99 28 
84 91 78  6 98 96 34 68 
27 94 75 45 81 100 12 22 
4 1
52 
40 
31 
15 
7 5
28 30 60 82 39 
11 61 22  1 90 
27 51 37 13 70 
63 58 44  7 38 
96 71 11 59  1 
14 50 83 29 29 
98 56 58  9 89 
7 9
49 18 72 38 97 22 74 61 91 
88 18 86 94  7 81 16 69 91 
68 83 41 51 63 69 100 18 78 
 8 58 74 79  6 44 50 95 40 
23 20 52 65  7 21 50 52 79 
83 20 47 73 87 81 65 89 43 
33 88 12 11 48 69 36 26 26 
9 7
72 70  1 91 73 65 49 
93 14 53 71 48 72 18 
21 58 50 85 99 93 70 
86 56 32 85 77 67 62 
 2 98 88 74 19 88 16 
92  4 17 36 18 69  7 
17 40 76 37 49 25 74 
47 69 43 85 25 26 69 
 1 44 83 54 41 70 79 
2 10
95 55 13 63 90 82 31 48 99 70 
23 87 70 100 60 17 20 54 53 96 
9 1
96 
23 
55 
 2 
15 
77 
80 
78 
86 
6 2
50 88 
74 84 
18 21 
34 39 
96 20 
 9 47 
2 7
66 37 29 62 68  1  9 
42 56 10 56 32 42 86 
9 7
69 70 55 42 53 24 63 
38 15 10 58 23 56 41 
51 73 77 79 34 44 31 
43 85 38  4 93 69 45 
30 89 64 98 59 18 40 
63 93 54  1  7 15 10 
81 70 50 31 42 78 61 
28 74 92 22 10 81 25 
54 50 22 83 90 85 33 
8 4
72 11 98 77 
63  5 43 72 
85 12 73 68 
 5  2 28 84 
27 71  5 37 
52 82 90 53 
55 25 42 39 
57 42 44 80 
4 1
 8 
66 
45 
50 
9 2
13 61 
 1 69 
14 80 
53 41 
51  9 
29 54 
90 70 
58 44 
94 51 
4 2
92 29 
81 95 
70 40 
12 66 
9 10
99  1 12 99 70 78 79 74 18 81 
82 98 86 24 67 43 19 13 93  5 
14 37 33 47 83  2 86 95 20 27 
46 18 79 10 17 100 87 47 73 56 
79  7  5 64 30 71  6 48 83 50 
52 97 86 37 95 69 38 80 15  9 
 6 60 27 37 21 95 36 59 93  9 
66 71 15 70 34 96 41 91 43 75 
40 47 71 26 35 65 46 72 97 60 
3 4
71 59 90 44 
 5 26  2 97 
86 20 67 100 
9 2
47 81 
42 41 
56 81 
87 78 
58 21 
95 55 
45 91 
66 29 
96 37 
7 8
32 43 15 85 91 100  4  9 
51 93 60 97 25  1 37 80 
33 76 58 43 48 52 97 44 
94 63 72 41 51 10 78 34 
52 44 18 42 43 22  2 45 
66 61 41 90 13 30 22 46 
57 31 40  4 34 88 100 79 
10 1
19 
52 
81 
49 
85 
84 
92 
55 
78 
87 
8 9
31 93 92 24 34  4  5  7  1 
61 37 40 64 70 28 63 100 29 
86 71 33 18 19 69 53 62 23 
30 100 50 61 31 94 52  6 80 
 7 10 86  8 70 75 99 85 96 
78 100 96  7 85 66 39  2 36 
59 54 97 82 36 97 83 48 79 
77 51 36 56  9 45 93 16 14 
