8 4
63 66 73 43 
33 90 16 55 
78 74 81  2 
45 75 84 61 
39  3  8 26 
 4 40 73 16 
48 79 26 25 
86 15 78 48 
10 1
43 
13 
92 
58 
19 
70 
83 
52 
23 
27 
8 7
39 16 61 47 93 16 38 
17 84 85 96  9  9 33 
75 38 81 55 40 75 19 
32 32 37  1 66 88 23 
44 65 81 83 32 41 29 
77 57 18 93 40  2 40 
100 62 73 74 51  5 80 
91 79 98 22 62 87 22 
7 4
96 70 91 77 
 4 74 17 84 
50 25  1 95 
64 54 34 15 
67 58 41 18 
62 20 60 92 
18 81 53  4 
4 1
29 
49 
53 
71 
7 8
45 46 92 46 70 44 40 86 
98 26 100 16 35 40 33 49 
12 92 40 81 24 45 84 77 
27 64 78 79 35 54 87 31 
51 30 28 21 73 68 58 70 
45  9 86 79 49 70 27 12 
14 19 92 89 63 27 66 89 
10 5
20 76 100  6 58 
51 35 86 71 59 
 5 80 29 49 88 
66 79 88 87  6 
99 52 24 90 41 
38 16 58 26 58 
52 97 85 51  2 
43 53 88 80 75 
99 84 54 27 84 
42 44 62 29 82 
9 10
34 94 69 74 31 37 83  9 46 34 
 5 30 36 59 24 89 98 55 63 96 
38 69 74 73 10 69 35 90 51 53 
69 84 47 90  9 29 78 91 37 23 
76 94  4 63 52 28  3 49 82 66 
97 72 86 70 44 95 39 30 84 89 
83  5 24 81 94 84  9 71 26 98 
45 53 91 48 15 42 27 18 42 61 
35 38 32 20  8 27 66 98 57  1 
