2 1
59 
 8 
8 8
 2 56 35  3 65 69 43 85 
21 12 87  4 18 48 82 93 
55 100 95 35 86 55 85 31 
36 56  1 94 15 80 71 16 
35 58 18 99 26 12 83 99 
23 21  2 41 20 35 85 74 
34 80 61 19 86 45  1 21 
52 53 14 66 32 36 34 19 
3 3
17 71 15 
52 69 89 
24 22 81 
4 6
66 69 41 45 29 11 
30 25 63 50 28 15 
15 46 98  2 79 16 
95 33 85 17 47 36 
7 8
11 10 68 54 17 33 23  9 
29  3 19 58 80 81 59  7 
47 25 52 44 27 30 60 73 
15 96 41 13 31 77 100 41 
38 68 47  6 52 21 14 81 
23 32 90  2 64  1  9 10 
25 12 53 51 94 64 23  8 
9 3
20 41 91 
20 34 80 
39 32 85 
90 52 98 
22 74 29 
12 76 44 
12 36 53 
88 47 58 
39 40 73 
3 7
32 28 67 24 18 38  9 
50 76 40 34 17 91 32 
39 65 12  2 92 56 65 
7 8
52 25 17 42 65 90 55 63 
21 82 81 96 51 18  5 100 
93 44 34 10 35 17 100 51 
28 53 42 35 17 20 43 20 
44 11 62 60 100 16 23 72 
97  3 68 47 21 72 99 65 
67 32 26  1 48 25  3 27 
9 4
62 45 15 56 
65 59 66 26 
70 66 93 44 
37 89 47 56 
87 19 79 85 
35 46 68 61 
98 67 37  1 
94 66 96 55 
62 11 10 78 
1 7
 3 90 92 95 34 81 35 
2 8
74  2 67 10 36 12 78 48 
61 44 37 13 37 54  9 43 
5 1
 4 
93 
43 
31 
47 
4 4
94 69 54 28 
52 42 53 53 
60 63 41 23 
92 40 83 87 
6 6
76 29 56 18 96 78 
22 88 20  4 86  3 
77 79 24 83 59 75 
76 63 28 35 25 20 
57 68 59 91 55 35 
38 30 15 93 47 10 
10 10
49 41 75 35 96 52 65 19 86 23 
93 61 38 72 47 62 91 55 30  2 
45 36 88 83 65  2 27 63 64 49 
35 12 41  9 98 36 60 15  6 97 
89 51  9 26 22 55 88 65 61 69 
18 58 56  5 92 20  6 18 34 21 
18 68 33 59 77 82 94 88 96 52 
85 85  2 93 10 75 100 49 91 60 
69  8 17 24 12  8 95 70 78 29 
90 95 96 74 53 24  8 99 12  3 
2 6
39  3 88  1 29 39 
 1 20 99 22 79 67 
5 3
75 92 12 
 4 20 53 
98 67 79 
 3 91 86 
53  2 40 
4 9
31  8 88 31 36 27 83 55 77 
 4 86 43 49 28 69 92 91 72 
63 95 70 29 73 24 71 10 76 
24 50 81 72 80 88 12 62 23 
8 4
30 66 48 15 
 8 48 42 77 
39 84 48  1 
78 69 81 51 
92 52 60 19 
75 61 99 99 
92 86 62 53 
61 51 49 90 
6 6
56 23 95 97 99 85 
32 99 85  9 19 17 
59 11 20 71 81 47 
31 32 45 75 69  6 
27 29 56 75 18 23 
22 73 45 16 21 96 
2 2
94 36 
13 12 
5 1
74 
24 
93 
 7 
70 
6 8
66 50  6 23 28 87 30 55 
 4 52 76 29 97 44  1 44 
95  5 89 83 17 52 87 39 
78 62 32 84 32 59 73 97 
60 30 72 87 16  1 41 72 
53 69 100  1 12 52 44 58 
6 2
40 72 
83 78 
11 12 
40 94 
95 23 
52 19 
1 3
49 42 49 
4 3
42 35 47 
10 86 47 
21 38 90 
30 45 73 
10 7
 7 99 79 19 90 72 65 
12 75 84 35 37 32 76 
37 47 70 78 34 16 87 
19 62 59  8  3 89 53 
27 10 69 86  8 99  4 
98 70 20 61 96  3 95 
32 86 23 68 85 92 46 
18 60 84 88 73 43 96 
28 83 100 54 92 20 39 
51 18 94 100 87 14 61 
2 8
 7 65  6 81 84 42 25 29 
59 84 65 46 56  7 93 35 
9 2
89 32 
11 79 
82 80 
73 82 
66 38 
94 99 
57 52 
15 14 
33 99 
5 7
79 13 92 43 11 47 49 
55 34 89 47 22 72  9 
52 54 89 24 87  6 13 
32 57 22 83 71 35 15 
21 90 23 100 54 14 42 
4 3
43 71 46 
31 17 19 
55 77 70 
60 17 46 
6 3
10 29 31 
31 11 53 
66 78 74 
55 52 73 
60 66 14 
76 78 56 
6 5
39 14 93 93 90 
14 52 59 59 49 
33 69 77 63 99 
39 15 16 68 88 
22 20 60 82 37 
26 57 14 81  2 
10 1
67 
32 
63 
 8 
45 
66 
66 
56 
14 
98 
6 2
12 74 
33 27 
42 100 
66 63 
71 78 
44  7 
5 2
72 87 
 5 11 
58 71 
94 20 
79 91 
8 6
98  3 46 73 45 57 
46 29 35 39 80 53 
 2  3 30 45  9 36 
49 33 22 53 95 79 
76 89 51 54 31 88 
 1 28 90 46 100 86 
 3 97 66 89 36 46 
41 89 48 22 85  8 
7 3
40 79 86 
35 57 61 
75  7 66 
57 46 66 
36 36 64 
35 73 18 
83 39  6 
10 6
99 58 83 20 43 90 
29 75 82  7 12 68 
15 24 42 74 89 50 
19  7 85  6 22 71 
79 39 53 69 96 75 
 4 94 84 86 66 26 
27 94 53 60 100 16 
27 14 40 20 87 80 
21 58 38  5 63 59 
75 93 49 80 61 45 
4 6
38 37 53  3 15 80 
96 19 91 47 34 70 
13 73 41 51  5 62 
 8 42 66 23  1 93 
5 9
72 28 45 77 43 83 13 96 37 
79 27 85 97 17 31 31 38 43 
55 79 46 59 40 53  1  5 75 
53 97 42 53 20 69 98 96 11 
32 61 58 68 39 84 52 88 53 
5 8
90 29 24 68 74 83 59 79 
35 16  5 87 64 46 39 84 
14 88 79 77 19 91 34 87 
30 70 90 69 74 76 38 63 
 5 61 83 30 95 93 60 29 
8 5
67 72 10  6 55 
76 45 85  4 64 
76 89 50 57 58 
91 77 31 67 14 
46 23 74 80  4 
21 72 64 49 80 
80 16  3 89 73 
 9 16 17 45 19 
10 2
 8 81 
28 17 
24 56 
100 90 
69 97 
64 95 
76 19 
15 99 
82 63 
30 61 
10 4
 2  2 92 17 
71 37 88  2 
 8 95 83 88 
63  6 43 62 
47 64 10 62 
58 37 80 72 
36 14 86 17 
26 68  1 79 
69 92 48 91 
80 35 93 88 
1 7
27 43 32 69 57 30 84 
6 3
41  3 22 
64 90 87 
 2  6 65 
69  6 43 
89 50 90 
80 29 76 
2 8
56 50 94 51 81 15 59 62 
98 24  4 39 78 77 54 67 
6 5
25 80 75 82 74 
64 31 16 43 60 
91 66 27 99 15 
73  1 47 87 59 
60 84 82 15 74 
12 43 28 30 58 
2 4
89 57 36 63 
72 18 30 66 
9 2
83  8 
70 49 
80 70 
47 66 
28  6 
49 62 
20 75 
25 14 
 2 54 
2 5
 8 12 43 95 26 
14 64 55 79 93 
7 3
100 48 61 
31 70  7 
96 97 12 
96 10 83 
70 34 97 
23 88 20 
58 47 31 
10 3
57 66  8 
11 44 100 
89  9 51 
37 69 81 
 6 76 28 
54 39 76 
16 74 97 
 1 70 20 
88 41 29 
86 71 80 
10 7
45 38 90 41 89 30 49 
40 18 17 72 75 44 52 
81 83 27 96 56 75 96 
77 46 36 17 74 73 87 
54  3 66 50 92  7 90 
80 88 38 71  6  7 43 
80 50 94 60 32 72 55 
39 98  3 15 44 90 31 
69 62 70 74 16 87 24 
59 45 65 91 32  3 61 
7 1
55 
17 
10 
100 
28 
94 
71 
5 2
21 37 
99 64 
78 29 
32 39 
50 58 
7 8
81 65 32 45 55 16 99 68 
52 59 22 20 21 22 48 14 
44 34 97 64 22 95 79 99 
76 63 89 77 20 95 65 52 
12 48 48 18 63 47 37 67 
57 11 86 77 84 85 42 79 
18 39 43 91 85 73 89 60 
7 8
37  6 24 53  9 87 100 57 
57 15  3 45 81 11 55 18 
40 38  3 81 17 72 71 11 
63 56 83  3 67 70 32  3 
27  8  7 36 94  7 92  2 
73 46 47 53 56  1 70 95 
39 24 28  7 48 98 17 62 
5 1
64 
72 
72 
96 
26 
9 3
33 86 48 
91 29 50 
63 74 48 
67 81 100 
36 28 90 
12 55 96 
59  4 64 
20  9 15 
83 80 86 
10 7
36 32 89 73 32 31  1 
33 45 74 80 11  7 79 
47 34 21 10 88 16 68 
91 80 87 99 94 21 30 
31 51 87 19 34 27 91 
17 10 92 49 54 17 80 
65 23 11 63 56 31 72 
95 46 39 38 77 77 88 
22 97 18 53 99 56 23 
85 34 65  1 43 56  2 
7 5
81 61 99 91 23 
 7 73 46  1 19 
84 90 47 12 78 
69 60 95 73 11 
 2 95 95 35 59 
47 78 67 100 74 
43 81 86 41 23 
10 9
48  5 52 66 40 41 64 51 18 
32 10 64  4 72 65 98 66 52 
 9 65 29 27 64 54 69 96 39 
61 71 98 60 18 54 11 35 93 
51 98 95 21 30  4 84 85 28 
49 35 93 52 43  9 80 69 25 
85 89 72 23 49 42 72  8 11 
77 70 45 69 21 95 63 41 76 
18 76 60 45 76 94 90 27 88 
98  6 56 74 90 44 46 64 45 
9 7
52 50 63 74 46 83 94 
40 45 86 15 15 61 27 
59 37 20 48 15  8 98 
21 15 23 62 11 68 78 
55  7 16 58  8 79 31 
53 61 76 45 58 13 11 
72 26 37 30 14  9 30 
28 16 79 100 82  1 62 
44 21 91 98 79  6  8 
6 4
90 38 97 18 
82 54 30 45 
77 55 81  6 
20 89 87 48 
56 65 47 38 
18 60 81 38 
10 1
16 
 8 
90 
 1 
43 
79 
90 
39 
48 
24 
4 8
68 20 84 48 78  4 89 64 
 3 44 81  1 33 98 61 66 
35 62 96  2 69 37  2 12 
15 43  2 15 66 98 92 33 
7 7
33 46 82 21 62 36 16 
42 37 49 91 97 14 77 
10 61 78 79 97 31 42 
63 73 95 77 91 92 20 
75 61 99  7  6 80 79 
67 16 95 60  4 43  2 
100  8 78 61 68  7 91 
6 9
32 78 62 79  7 52 70 26 78 
30 24 85 36 56 63 54 71  9 
66 26  3 67 25 10 97 37 29 
 3 28 44 92 11 74  5 89 80 
 8 59  5 85 88 81 21 75 36 
84 81 58 44 46 83 47 12 59 
6 10
95 37 15 22 80  6 85 53 62 73 
32 21 31 89  5 71 69 26 45 56 
61 77 13  4 22 95 50 86  5 58 
45 99 94 59 73 25 16 57 78 29 
29 61 49 12  1 54 34 21 31 78 
76 91  7 40 46 28 86 48 13 90 
7 10
41 50 20 13 74 88 21  3 16  1 
16 65 64 68 70 97 89 100 27 16 
42 33 56 39 60 41 86 25 31 42 
86 23 43  5 87 69 92  7 23  8 
59 90 24 23 58 45 19 98 44 45 
65 37 29 20 27 41 13 13 65 95 
 6 50 17  1  6  3 69 98  9 43 
7 9
33 32 41 42 76 12 91 71  8 
55  7 37 75 85 77 87 49 93 
33 55 42 49 55 47 51 75 96 
11 17 52 29  1 83 22 42 10 
33 32 80 40 39 38 28 65 23 
 4  3 71 96 35 25 89 83 31 
88 33 57 83 95 26 87 23 26 
1 4
20 31 28  3 
10 8
41 48 47  5 70 51  7 92 
98 41 17 39 23 99 26  7 
 8 60  1 33 98 76 58 19 
71 77  1 99 32 10 18 72 
 9 64 77 30 14 35 22 64 
28 90  2 50 40 79  9 47 
90 61 79 88 36 89 58 59 
17 58 57 48 19 74 20 80 
37 48  9  3 82 82 66  9 
23 19 11 63 49 71 61 38 
3 10
25 71 80 82 29 96 91 85 44 10 
58 15 89 46 62 49 48 95 31 65 
56 53 83 18 67 31 40 28 69 22 
9 5
92 50 79 20 45 
69  4 40 78 13 
54 18 59 67 67 
58 14 49 23 21 
53 57 38 20 88 
77 99  8 98 69 
 4 42 18 82 61 
14  3 17 54 32 
29 59 50 39 78 
8 7
43 16 71 63 68 27 52 
39 66 80 89 25 29 57 
29 70 26 62 31 40 64 
47 45 96 27  3 45 18 
32 64 66 74 79 36 88 
98 14 39 89 80 18 77 
 4 99 86 84 68 11 98 
98 50 61 96 94 56 75 
9 2
92 32 
67 57 
 6 45 
92 45 
95  5 
36 83 
36 53 
59 92 
 3 96 
7 1
 7 
24 
20 
56 
85 
16 
 2 
2 10
50 96 81 81 62 89 38 59 80 35 
53 36 70 87 72 74 97 15 77 93 
1 7
99 65 66 54  1 33  7 
2 4
56 39  6 89 
53 94 78 11 
5 2
15 61 
81  1 
84 55 
97 50 
83 89 
10 9
39  6 46 45  6 31 51 50  4 
59 88 10 99 40 55 76  2 80 
40 16 92 72 16 75 78 65 24 
60  5 65 88 44 71 86 88 76 
16 38 25 19 96 65 80 94 56 
35 22 58 66 61 73 57 84 41 
83 62 57 58 21 61 22 61  4 
44 46 91 72 13 81 48 31 76 
12 63 22 68 49 95 77 14  7 
 1 70 90 93  4 51 49 61 72 
10 4
84 13 78 29 
56  1 41 36 
48 23 63 60 
37 36 79 85 
30  7 98 36 
 7 19 78 52 
74 28 100 86 
51  9 20 34 
74 49 14 29 
49  6 64 48 
1 8
 7 17 14 37  2 43 95 51 
1 4
22 60  5 95 
7 4
81 90 65 52 
75 38 100 41 
18 100 46 33 
47 26 10  6 
43 23 94 96 
18 89 98 100 
42 19 59 98 
6 7
 1 98 86 17 49 13  6 
100 53 23 99 98 55 97 
76 65 54 70 39 48 17 
56 88 14  7 81 85 65 
78 50 62 30 47 99 47 
95 11 52 46 63 27 44 
3 1
92 
40 
97 
6 9
36 45 77 43 32 90 50 64 74 
66 41 23 27 70 21 78 68 67 
88 72 12  3 98  7 67 30 99 
 6 27 96 66 14 92 42  8 23 
83  9 86 57 75 78 31 53 99 
 4 30 67 70 70 90 82 24 39 
8 10
68 38 47 46 33 64 11 24 57 19 
98 39 79 35 47  5 12 30 58 63 
33 39 81  2  8 70 83 31  8 23 
72 27 60 70 73 93 85 83 68 41 
53 66 32 32 52 78 36 16 59 45 
78 91 84 58 45 43 79 27 26 86 
 1 97 12 61 19 36  5  3 19 72 
44 23 89 27  6 41 56 94 56 15 
8 5
57 73 42  1 16 
20 80 41 57 80 
89 20 40  7 56 
44 62 26 68  5 
48 56 83 54 48 
38 99  3 52 36 
39 61 61 80 61 
76 51 40 68  7 
2 8
79 11 67 34  7 28 11 74 
84 58 81 66 63 29  3 61 
3 7
49 22 19  9 53 79 36 
 4 71 55 62 42 62 40 
 4 80 25 62  7 35 35 
10 5
68 55 59 48 10 
72 30 68 20  3 
86 80 56 16 67 
11 86 73 24 79 
86 16 83 66 40 
44 72 27 31 14 
71 98 20 81 45 
81 52 26 48 23 
81 85  2 88  1 
20 50 38 44 73 
7 10
88 99 95 80 94 18  6 24 31 28 
73  3  8 69 83 60 47 83 82 27 
67 36 66 19  7 15 57 51 87 73 
80 27 23 26  6 68 95 11 92 78 
38 16 80 45 85 62 56 83 44 38 
 9 63 73 26 81 79 40 89 81 26 
13 60 52 35 37  9  3 32 19 46 
9 8
13 88  5 97  1 60 31 97 
97 91 59 21 16 91 52 55 
80 32 33 44 44 36 31 80 
45 85 11 63 30 71 23 42 
10 27 91 63 86 21 59 35 
64 69 55 79 11  6 34 42 
90 18 86 33 53 16 64 97 
100 27 12 81 97 34 74 59 
12 16 21 97 89 31 31 52 
1 6
30 61 43 15 55 84 
2 10
16 85  7 80 33  6  6 44 38 54 
29 11 12 40 79 84 89 67 14 19 
8 6
56 99 77 51 14 83 
34 97 22  2 33 28 
81 66 85 38 61 74 
43 90 36  7 81 14 
90 69 80 56 40 49 
71 47 48 99 97 13 
81 83  9 54 84 94 
33 16 59 17  5 19 
2 7
60 78 53 93 91 95 61 
23 50 52 71 72 99 70 
1 7
82  3 81 43 57 64 36 
9 1
46 
58 
35 
16 
99 
34 
76 
28 
38 
8 9
32 80 93 33 84 63  5 34 85 
27 80 66 81 13 60 37 28 47 
78 59 92 35 45  8 85 78 35 
13 68 54 83 99 33 75 84 16 
89 40 49 73 66 81 91 98 93 
 2 35 20 49 12 30 92 98 27 
99 34  4 85 46 71 38 80 22 
23  6  5 90 47 44 39 71 61 
1 1
58 
5 5
44 86 63  7 68 
54  4 94  5 90 
49 41 87 72 79 
67 93  1 24 49 
90 70 44 80 41 
6 2
53 13 
16 67 
 9 54 
81 15 
21 87 
71 14 
3 10
62 83 46 85 61 64 77 13 88 77 
55  9 20 34  1 75 36 54 40  3 
72 48  8  5 14 28 91 84 93 33 
5 7
15 93 91 28 56 20 40 
43 96 46  4 68 80  4 
94 67  9 33 21 33 32 
29 37 46  8 79 81  1 
63 76 59 29 68 49 56 
3 8
48 18 16 93 73 83 24 76 
76 42 37 61 63 69 92 43 
57 37 50 35 18  2 97 45 
10 5
64 61 33 86 80 
80 55 95 24 27 
29 100 55 57 41 
91 17  3 59  8 
97 15 97 47  1 
66 100 97 62 12 
73 25 72  5 62 
51 36 17 46 12 
95 26 11  1 82 
51 91 98  6  1 
8 2
67  6 
100 67 
23 52 
15 84 
63 88 
 8 34 
44 69 
84 80 
7 1
43 
84 
 7 
53 
84 
88 
 3 
7 8
60 79 47 14 46 52 13 64 
26 64 31  9 26 70 68 11 
13 88 95 44 77 27 86 60 
33 90 95 73 45 73 62  4 
52  8 17 49 11 82 12 36 
97 94 44 23 63 63 85 76 
50 79 71 26 58  9 37 90 
8 2
14 42 
 4 75 
98 55 
34 66 
55 44 
47 67 
31 44 
60 26 
8 5
88  2  2 38 33 
72 15 90 32 52 
31 30 83 97 23 
38 23 72 45 57 
38 99 52 36 17 
83 31 29  8 100 
 3 48  2  4 85 
86 27 99 27 59 
10 7
40 84 53 62 22 76 86 
18 84 75 16 35 10 33 
69 41 61 29 40 15 76 
93 18 60 30 44 10 56 
 2 12 65 41 95 69 55 
68 44 92 85 79 66 53 
66 75 85 34 67 97 62 
59 11 89  3 80 48 33 
23 10 88 77 21  4 69 
67 73 75 87 68 66 71 
7 3
23 12 10 
59 97 28 
55 11 86 
17 99 89 
96 47 73 
71  8 12 
99 80 16 
7 6
88 94 32 55 11 55 
53 94 29 64  3 88 
61 30 94 71 68 63 
21  8 10 67 80 80 
26 43 78  5 58 97 
 3 97 42 86  4 52 
92 56 97 21 72 99 
10 4
81 53  6 100 
15 26  7 25 
45 38 56 70 
32 86 27 42 
34 29 38 75 
66 93 26 58 
49 23 30 20 
73 89  3  5 
93 60 56 60 
85 62 84 29 
1 1
99 
5 6
77 76 61 57 65 35 
22 58 13 31  6 87 
12 77 11 100 31 16 
93 90 71 52 26 85 
87 55 87 29  5 21 
7 1
48 
17 
37 
13 
52 
10 
70 
6 3
27  2  4 
55 12  4 
37 79 48 
78  2 51 
 3 38 89 
57 76 17 
3 9
73 93 96 90 81  8 93 43 29 
 8 35  7 61 38 61 24 93 49 
 3 40 26 56 42 29 45 30 37 
10 7
50 68 71 94 64 12 75 
23  4 17  4 63  3 10 
23 40 23 99 85 71 53 
76 97  8 18 77 52 99 
13 23 97 62 91 68  8 
 6 79 82 80 35 50 83 
49  4 93 24 43 15 22 
79 37 74 55 85 33 72 
61 84 22 74 58 19 87 
100 86 94  5 16 27 85 
2 8
67 51 31 11 74 26 77 95 
 4 14 68 58 98 52 81 11 
7 3
84 44 21 
22 44 58 
68 48 25 
46 84 27 
74  3 77 
56 65  2 
81 42 48 
7 7
15 46 56 18 27 66  4 
81  1 47  1 75 90 10 
94 90 34 39 25 12 64 
79 40 20 44 41 52 37 
88 40 95 54 86 50 71 
12 68 74 44 20 73 44 
46 14  5 39  3 38 78 
10 2
93 58 
41 64 
 1 82 
16 89 
21  7 
83 27 
92 85 
97 55 
 4 23 
98 23 
5 3
21 60 97 
59 63 87 
88 94 88 
81 51 28 
44  4 61 
1 4
34 18 27 60 
1 1
 8 
8 6
82 17 88 76 10  8 
88 58 19 50 44  6 
95 83 86 97 63 30 
100 75 92 44  8  9 
22 67 22 84 27 89 
49  8  5 88 36 66 
48 23 24 66 24 19 
71 18 54  9 14 16 
10 6
90 81 61 50 42 82 
68 63 17 94  3 65 
 2 59  4 89 25 51 
11 100 16 34 18 39 
 3 71 47 16 38 36 
81 28 68 93 29  9 
74 96 23 42 90 25 
 6 43 36 10 31 60 
60 41 59 28 26 28 
66 28 51 12 95 40 
9 8
19 66 20 47 27 94 43 49 
87 32 26 93 26 61 54 56 
20 65 48 30 44 73  9  9 
52 11 72 46 51 22 73 69 
88 93 16 14 38 58 14 24 
41 39 68 66 99 73 73 70 
90 20 51 33 44 12 94 95 
22 65 40 72 39 65 93 26 
 9 60 91 46 17  4 21  9 
5 9
26 45 13 98 15  2 69 65 35 
12 76 80  6 50 44 97 73 82 
13 65 59 21 24  1 66 92 57 
39 52 51 79 77 95 91 74 61 
45 42 78 31  5  5 10 62 54 
5 1
27 
87 
23 
43 
97 
4 7
98 61 10  6 99 62  8 
29 38  2 20 64 15 16 
57 92 46 62 96 55 75 
 2 59 85 28 97  8 22 
6 1
88 
95 
63 
50 
100 
14 
1 7
42 100 60 13 63 74 28 
2 5
73 85 13 79 59 
14 38 44 93 86 
1 4
31 53 54 25 
7 3
76 80 65 
82 74 64 
42 86 79 
15 66  2 
32 38 86 
44 17 44 
57  6 39 
9 1
41 
14 
74 
45 
67 
50 
64 
69 
26 
3 3
 7 68 49 
100  6 27 
67 71 28 
8 8
65 93 76 60  1 33 99  1 
76 91 14 49 88 81 98 51 
 1 23 45 86 82 13 34 81 
18 12 47 88 91 96 47 55 
88 75 66 40  7 16 40 34 
 7 54 82 94 86 32 44 38 
 6 40 23 87 52  8 20 21 
71 66  8 61 14  7 67 53 
3 3
93 39 100 
32 73  6 
37  6 51 
4 9
46 12 95 86 86 33 37 94 52 
10 64 70 69 77 35 75 43 87 
 7 27 79 98 27 63 22 84 99 
79 35 25 68 32 36 14 17 21 
8 6
66  2 15 30 23 83 
 6 57 10 100 43 68 
27 74 17  5 36 38 
88 34 69 74 58 36 
 6 45  1 74 66 50 
31 83 51 97 12 73 
32 69 81 93 69 24 
60 47 97 77  3 32 
6 10
17 34 16 27 69 73 71 21 98 88 
71 29 71 21 77 34 46  8  3 26 
100 23  1 60 69 97 88 71 80 53 
12 49 87 79 75  7 51 97 28 49 
37 50 29 59 22  5 92 19 13 46 
45 64 68 97 75 88 46 62 10 25 
5 2
25 53 
100 51 
59  3 
100 38 
 3 36 
9 1
46 
61 
35 
89 
79 
99 
35 
75 
15 
4 2
89 42 
17 51 
51 93 
17 24 
10 9
76 20 79 78 19 17 32  6  7 
62  3 67 48 92 98 99 78 24 
13 31 47  1 24 15  3 27 60 
19 50 29 39 77 100 18  6 71 
86 37 28 92 50 31 11 98 74 
60 48 51 35 60 81 34 12 57 
48 15 83 59 85 84 87 76 13 
39 45 18  9 82  7 88 25 56 
18 87 53 43 46 52 93 33 11 
26 66 75 82 65 41 16 24 25 
9 2
52 11 
100 96 
81 60 
77 87 
100  2 
42 17 
88 47 
12 86 
98  4 
10 1
29 
87 
35 
62 
51 
75 
77 
26 
51 
76 
8 3
38 39 50 
18 51 79 
 4 50 32 
98 18 71 
44 29  8 
93 33 77 
53 13 63 
87 27 14 
3 3
91 16 30 
78 18 20 
17 19 37 
7 7
93 68 28 90 85 51 85 
14 58 77 98 35 30 62 
97 68 88 62 33 43 53 
48 24 82 17 43 50 35 
32 68 84 76 35 63 65 
20 13 49 85 71 77 82 
 5 58 43 53 78 83 67 
10 5
71 57 100  4 73 
43 54 59 26 21 
42  1 56 57 17 
27 69 17 11 39 
93 44 95 51 86 
48 28 20 66 89 
44 88 45 44 91 
69 38 44 79 15 
17 73 15 24 29 
83 50 97 99 12 
8 1
55 
82 
93 
92 
81 
72 
12 
46 
10 7
33 56  2 24 76 91 19 
55  5 35 27 71 58  7 
53  7  3 51 70 90 94 
24 72 38 68 52 10 79 
50 21 37 82 29 39 57 
 4 29 76 10 34 62 88 
56 20 94  9 78 49 59 
48 38  4 23 61 42 90 
65 51 20 14 23  9 47 
51 47 56  7 27 83 16 
2 4
 4 68 63 97 
76 41 97 86 
10 5
90 14 47 31  4 
63 33 75 28  7 
83 27 58 81 82 
64 60 16 31 71 
59 34 90 74 83 
17 66 79  3  5 
65 92 18 64 74 
73 26 58 100 54 
64 34 80 21 67 
13 36 26 28 67 
8 6
52 38 59 86  6 24 
65  8 80 81 51 50 
44 76 22 70 33 21 
23 97  7 54 69 73 
66  5 98 93 23 97 
78 74 86 89 60 92 
12 76 99 44 56  2 
93 100 77 14 21 62 
7 5
58 93 48 26 17 
13 82 66  5 56 
62 82 30 48 70 
41 39 34 68 89 
77 23 42 69 74 
19 34 46 32 72 
40 89 16 87 66 
2 9
100 97  3 55 11 37 36 58 58 
28 48 43 95 36 71 70 78 39 
3 8
25 89 79 48 28 19 64 67 
36 47 65 35 96 20 42  6 
56 77 63 65  5 62  8 51 
7 8
20 26 69 15 25 45 55 55 
92 82 73 55 100  9 54 65 
95 49 84 36 54 91 65 68 
 7 69 29 14 19 77 44 91 
55 64  5 79  8 59 34 51 
92 58 58 92 66 11 56 13 
59 91 48 12 33 12 31 39 
2 9
53  3 35 48 93 89 11 97 20 
70  7 53 20 98 10 77 89 28 
7 6
92 45 86 91  8 18 
 3 38  9 86 48 61 
40 35 60 32 75 70 
80 94 39 86 98 58 
84 60 87 24 39 73 
20 30 70 57 20 77 
27 74 67 35 60 66 
7 1
100 
 6 
83 
75 
27 
14 
20 
5 10
18 74 35 77 60 58 67 85 29 96 
54 86 67 82 12 41 100 46 52 66 
44  2 65 49 36 91 75 50 11 91 
 1 80 16 35  8 28 44 74 12 73 
69 17 58 35 98 21 27 50 18 78 
5 1
32 
79 
 9 
67 
22 
5 6
32 77 16 63 44  2 
70 23 46 43 86 18 
63  2 27 49 52 47 
76  1 64  5 15 24 
36 45 84  3 18 70 
10 9
98 86 11 93 87 32 16 84 74 
 1  1 88  3 79 37  6 25 64 
 6 88 20 72 63 56 68 98 10 
86 67 79 86 16 16 49  9 55 
80 24 38  6 24 91 93 78 69 
81 83 94 96 40 33 68 63 48 
23 31 45 84 68 64 14 53 31 
30 53 39 84 33 14 73 90 90 
63 34 19 84 67 54 29 14 93 
61 81  8 60 55 90 57 38 57 
2 4
61 54 33 14 
93 68 98 58 
2 9
99 55 72 18 38 38 71 66  4 
15 78 84 22 90 39 11 98 28 
9 9
31 80 22 15 45 66 82 42 76 
74 80 74 80  3 91 69 93 13 
86 96 28 15 79  1  4 17 64 
 1 97 82 21 27 13 95 42 57 
60 75 50 87 100 29 61 79 32 
 3 99 24 16 84 71 95 99 49 
47 54 18 62  7 14 96 27 92 
 8 73 85 17 85 60 66 71 59 
95 31 90 78 86 88 53 53 72 
3 7
22 23 45 75 40  7 33 
 5  2 60 49 61 84 33 
77 68 92 43 39  3 89 
1 4
66 58 31 70 
10 4
92  8 75 14 
53  2  6 11 
34 62 12 45 
10 72 29 43 
 1 96 86 43 
86 40 31 59 
83 48 16 14 
17 26 19 60 
33 94 25 37 
47 30 47 80 
4 10
77 53 82  5 47 34 52 33 76 38 
72  6 96  7  5 11 20 21 36 90 
80 21 83  4 57 81 86  4 61 29 
13 37 33 46 93 80 79 44 12  6 
3 5
63 80 41 67 91 
12 87 78  2 18 
50 36 74  7 17 
9 2
29 39 
74 17 
23 72 
 9  2 
 2  4 
65  8 
37 100 
70 16 
92 37 
8 4
75 88 57 93 
37 92 66 43 
60 76 56 88 
14 30  4 36 
53 64 90 54 
68 54 61 56 
 5 31 23 97 
19 81 52 93 
8 8
85 56 51 50 51 11 77  6 
98 90 87  2 78 39 17 19 
93 84 72  5 39 77 35 62 
25  5 94 76 98 13 35 82 
68 85 84 18 95 60 76 45 
 2 62 98 31  1 14 49 45 
98 72 49 88 100 36  1 24 
40 94 51 89  6 85 71 26 
10 6
95 16 65 70 60 18 
32 57 48 84 71 48 
80 20 20 28  7 19 
15  8 95  7 53 45 
95 11 82 17 36  3 
22 30 18 39 52 30 
56 35 38 56 18  8 
55 49 79 74 28 38 
45 43 97 91  1 49 
35 95 59 68 64 94 
10 5
76 40 75 27 69 
83 13  6 38 30 
66 92 30 96 18 
57 33 14 51 29 
 4 51 30 90 46 
88 58 61 34 79 
45 61 18 72 87 
38 54 99 44 43 
80 61 86 61  8 
 3 17 41 16 68 
1 1
18 
10 1
15 
90 
18 
75 
23 
48 
72 
83 
66 
43 
1 3
96 71 98 
10 2
10 75 
62 18 
30 78 
10 97 
97 30 
68 15 
32 28 
81 21 
97  8 
95 44 
9 7
61 73 49 64 68 19 13 
 9 20 23 83 33 40 12 
62  1  9 59 30 28 25 
13  7  5 33  3 64 79 
98 42 55 59 14  3 74 
33 73 86 41 44 60 76 
76 99 87 38 51 47 48 
33 74 72 45 80 28 30 
34 92  8 84 85 63 94 
9 7
67 83 42  4 76 85 64 
51 61 14 89 50 65 36 
97 97 61 20 41 93 99 
22 78 90 30 13 75 44 
 6 25 12 24 59 53 28 
34 38 43 84 50 56 25 
51 72 12 47 68 24 18 
61 16 16 82 46 58 11 
58 84  6 64  8 18 87 
8 10
66 52 59  8 87  8 16 11 10 87 
74 56 55 98 25 67 13 41 48 10 
98 11 68 81 68 83 40 85 21 57 
 7 39 60 65 98 99 25 13 61 34 
52 35 42 58 32 18 24 96 58 23 
 6  7 33 25 39 53 59 78 37 79 
87 95 17 98 12 15 96 36 79  9 
21 30 43 14 87 26 32 10 73 41 
3 10
48 17 54 38 69 64 16 58 43 54 
52 11  3 63 25 51 50 56 59 23 
85 53 88 72 78 19 33  2 12 17 
2 9
34 37 96 54  1 63 63 43 68 
15  5 71 29 30 21 31 85 79 
5 1
83 
92 
92 
12 
11 
7 3
22 93 44 
32 26 81 
79 32 33 
94 94 27 
61 60 31 
83 41 12 
55 71 48 
5 7
69 67 18 12 78 80 88 
91 53 81 86 84 58 18 
15 41 50 60 35 76 20 
46  7 55 86 18  9  8 
66 94 34 86 60  4 97 
10 3
37 80 36 
17 17 71 
26 35 85 
67 84 44 
 1 12 16 
98 70 22 
36 39 30 
95  4 75 
29 41 87 
84 90 76 
6 6
 7  1 42 23 72 67 
57  8 33 93  4 85 
 4 71 83 25 92 70 
63 73 64 19 48 44 
59 86 27 48 61 93 
73 67 45 66 89 68 
5 8
76 69 90 31 54 45 53 88 
69 96 57 31 68 20 49 67 
16 60 52 42  7 64 34 32 
30 79 49 71 98 33 68 25 
 2  9 55  7  5 59 46 73 
4 4
55 74 25 56 
40 40 67 44 
82 25  7 67 
56 89 97 57 
9 5
89 26 19 42 86 
26 48 90 84 93 
62 38 46 68 11 
23 75  2 62 41 
97 43 66 56 10 
73 44  6 29  2 
100 70 79 71 11 
64 96 11 53 79 
 3 66 68  1 85 
10 3
60 32 36 
52 80 79 
69 35 40 
94 78 45 
74 31 97 
43  9 67 
 6 72 14 
16 76 44 
18 41 12 
70 78 93 
4 7
76 80 40 56 10 61 90 
49 54 20 45 27 50 93 
22 11 11 27 34 76 42 
10 20 11  2 83 33 79 
5 6
67 51  7  7 58 68 
67 47 68 72 18 65 
50 68 57 71 30 20 
97 63 95 90 24 66 
 1 26 48 33 56 75 
10 5
77 19 33 34 86 
99 32 54 22 50 
70 71 69 78 42 
98 97 90 12 44 
80 36  9 80 13 
 9 64 68 83 23 
94 59 41 26 92 
79 24 23 84 97 
72 53 68 92 30 
61 89 79 50  1 
2 1
36 
30 
2 10
38 75 19 20 50 13 30 90 38 73 
20 14 96  3 10 19 55 29 11 37 
9 1
15 
91 
51 
36 
71 
38 
17 
83 
89 
5 9
 8 26 58 20  8 100 57 80 19 
70 75 22 32 46 28 60  8 64 
 1 58 30 91 61 65 13 50 82 
95 39 88 56 98 65 13 17 72 
12 25 52 83 95 78  4 78 75 
3 7
82 99 37 92 28 79  4 
45 92  5 78 38 43 17 
93 40 81 58  8  5 21 
3 8
 3 79 85 58 56 12 41 44 
45 91 33 36 70 11 91 66 
 2 96 43 92 90 11 84 82 
4 3
89 48 14 
73  7 16 
51 43 74 
58 54 66 
2 9
56 34 86 77 96 77 43 98 72 
85 41 61 48 24 94 91 17 83 
10 10
55 96 97 58 38 70 15 92 35 68 
90 42 53 75 19 49  3 61 98 74 
97 38 87 44 13 80 86 81 14 75 
62 21 70 59 78 60 80 44 51 15 
64 92  8 16 18 78 16 21 38 13 
46 87 50 84 82 15 64 68 95 29 
42 57 49 64 67 78 23 46 22 73 
12 37 16 20 52 85 97 68  5 87 
32  3 73 34 86 54 48  1 21 94 
30 15 50 78 78 68  8 52 14 81 
6 5
17 91 96 20 75 
45 87 32 31 71 
86 55  4 71  8 
51 24 81 44 53 
47 46 82 76 65 
89 27 78 21  2 
5 7
44  2 57 70 46 95  1 
28 65 38 82 20  9 42 
70 32 74 66 36 20 63 
69 95 27 58 73 57 78 
74 11 67 17 64 23 38 
10 9
91 37 86 28 71  5 88 12 27 
71 37 92  6 56  6 75  2 84 
84 26 40 13 99  2 79 67 66 
53  4 27 74 94 63 59 74 85 
63 61 96 89 32 84 32 37 91 
89 63 92 73 46 17 12 11 67 
66 89 85 31 94 41 57 67 86 
71 77 59 56 39 20  3 80  3 
87 63 91 77 52 54 21 24 51 
89 87 61  8  4  2 92 34 95 
2 2
13 70 
13 89 
8 10
79 99 74 10  1 60 73 92 89 76 
97  9 99 47 49 37  8 56 41  9 
100 26 55 83 68 19 52 32  7 32 
 3 37 82 76 47 83 88 19 26 76 
94 22 36 44 20 84 32 27 92 24 
87 43 50 93 25 69 11 29 52 69 
12 54  6 93 81  4 27 68 22 52 
43 67 25 78 62 45 14 93 23 57 
7 2
99 18 
54 75 
86 17 
55 37 
37 66 
42 42 
59 22 
5 5
42 18 89 84 36 
65 14 97  9 79 
42 32 87 10 45 
37 27 98 11 64 
66 18 52  3 83 
5 6
93 18 93 30 59 62 
18 43 98 34  8 46 
43 38 39 26 24 48 
70 60 26 19 22 41 
37 39 92 39 74 36 
6 6
54 78 47 64 40 16 
 6 89 50 65 34 92 
 2 73 69 77 72 90 
88 50 60 62 90 96 
100 82 86 25 69 72 
43 74  1 89 38 40 
5 5
80 54 12 14 97 
65 38 17 42 61 
 6 81 10 65 42 
100 13 94 33 98 
18 53 69 60 27 
2 1
16 
13 
5 2
93 10 
73 58 
58 38 
95 74 
31 55 
1 3
17 47  5 
6 9
98 100 57 67 52 77 79 78 98 
79 45 11 35  7 55 96 31 12 
 5 20 58 78 50 64 60 65 80 
 6 69 47 65 18 46 73 84 98 
 1 62 27 51 92 72 13 26 30 
67 73 60 78 77 32 87 54 33 
10 5
97 82 23 65 28 
39 82 74 11 66 
23 11 79 49 61 
71 72 73 48  1 
91 21 13 20 97 
44  6  3 76  8 
67 73 89 89 89 
16 79 71 41 89 
88 63 52 18 12 
64 88 35 89 36 
8 9
 8 100 99  4 95 56  6 22 63 
25 46  3 65 35 19 44 57 11 
84 44 26 35 13 89 51  1 23 
39 88 10 69 47  9 19 50 55 
75  8 77 89 32 22 92 48  8 
62 91 64 24 75 59 49 61 72 
37 11 24 60  1 63 69 70  9 
30 88 58 36 14 17 12 55 48 
6 6
48 93 59 38  9 82 
64 67 31 25 90 67 
87 13 78 88 75 99 
 9 83 28 48 93 63 
14  9 27 68  9 64 
65 56  8 23 45 16 
6 9
35 86 85 24  5 23 37 34 10 
63 32 70 46 59 18 38 74 31 
98 52 98  6 15 62 13 22 36 
58 90 91 18 24 29  2 47 85 
24 35 18 86 98 50 55 95 60 
24 84 85 54 81 36  3 39 50 
4 1
24 
51 
 8 
13 
2 5
36 22 78 34  6 
54 21 75 39 18 
6 5
12 88 69 95 72 
22 27  8 77 65 
 9 40 16 84 43 
23 96 36 100 83 
57 77 69 14 30 
89 88 20  6 64 
5 9
51 85 15 74 58 41 33 34  6 
42 26 73 25 68 47 73  3 46 
55 59 75 75 72 56 63 11 76 
68 26 92 88 76 76  2 50 33 
43 82 67 100 75 92 72 52 59 
8 4
13 16 30 23 
90  5 46 45 
19 56 72 87 
82 63 26  9 
38 28 10 23 
22 44 89 73 
18 32 96 21 
42 13 96 54 
10 8
76 69 34 73 66 52 28 37 
90 61 100 16 22 89 43 31 
63 16 74 51 88 44 34 83 
16 75 47 12 80 27 89 55 
47 22 79 12 73 59  1 63 
19 52 30 40 92 24 23 55 
39 48  5 78 91 91 12  7 
65 10 70 45 88 58 51 35 
31 30 98 55 88 50 69 58 
 1 98 50 93 21 72 47 11 
1 3
40 14 93 
1 2
10 13 
1 4
100 50 56 86 
2 7
84 86 24 85 55 34 86 
 4 83 78 25  6 76 87 
8 10
27 41 75 77 12 84 41  4 89 41 
53 44 26 84 81 61 22 56 46 76 
41 83 79 75 12 55 80 87 42 60 
68 68 100 42 96 64 77 37 67 65 
29 72 61  6  7 93 67 28 48 64 
55 89 46 86 63  9 92 95 47 33 
 6 14 52  5  8 100 20 84 88 39 
 1 16 10 61 21 68 53 39 96 52 
2 2
92 99 
87  7 
7 9
53  5 63 58 19 67 14 26 66 
34 61 53 72 61 20 33 73 40 
100 25 31 47 77 84 49 20 83 
87 26 41 65 78 98 80 35 16 
46  1 93 63 34  5 67 57 66 
86 41 38 77 40 15  7 39 43 
91 87 62 25 73 40 17 90 17 
4 9
 4 81 66  4 25 28 89 30 94 
97 47 31 37 84  7 28 50 66 
66 92  8  4  6 32 29 45 100 
18 13 14 38 16 46  3 71 71 
2 1
100 
75 
7 6
57 95 81 63 23 31 
80 40 74 87 96 79 
18 24 75 18 93 88 
83 30 55 28 84 78 
98 65 88 97 91 47 
94 47 41 75  9 15 
57 89 55 30 27  2 
1 5
25 35 14 17 74 
8 8
29 75 81  6 25 97 45 73 
87 91 67 33 84 93 93 98 
49 33  4 78 60  5 90 56 
29 77 21 97 50 68 46 30 
94 26 87 18 74 32 43 60 
74  9 44 57 53 37 55  1 
21 58 30 32 63 20 87 43 
96  7 92 45 26 37 27 20 
3 3
89 88 96 
31 48 70 
91 43 78 
3 1
32 
95 
52 
2 5
83 56 44 70 98 
91 28 89 87 54 
6 3
25 40 78 
13 79 73 
96 26 94 
86 21 72 
81 51 55 
75  2 96 
9 7
51 94 58  1 84 85 41 
71 90 18 35 14 57 12 
79 36 85 74 13 30 59 
85  1 91 36 56 66 89 
 3 16 25 54 62 82  6 
45 19 46 67  8 64  2 
74 72 65 52 59  1 25 
24 31 35  8 83 26 43 
38 43 32 93 10  8 46 
1 10
 3 16 60 48 34 19 63 87 44 35 
2 5
93 52 71 68 34 
58 76 17 35 70 
6 7
53 98 86 61 95 57  2 
97 24 61 97  9 31 59 
96 75 93 99 69 38  2 
92  5 36  1 80  4 35 
50  9 63  2 59 100 14 
53  8 15 50 83 27 46 
2 8
 4 87 32 49 85 52 86 86 
95 42 73 95 74 76 29 75 
7 3
76 95 43 
42 47  2 
56 48 85 
83 45 76 
92  1 62 
23 49 98 
26 86 35 
1 9
60 15 52 35 96 26 71 38 54 
5 2
95 64 
34  2 
11 18 
84  8 
93 27 
8 6
49  8 55 75 45 41 
95 23 100 61 75 87 
56 52  9 46  5 26 
29 99 89 62 53 51 
31 36 10 75 63 17 
80 63 76 86 89 20 
27 83 95 78 96 21 
64  3 72 73 48 77 
10 7
27 38 90 79 40 21 67 
50 95 81 18 27 95 94 
12 84 65 90 18 59 20 
13 79 83 16 51  7 15 
79  8 91 57 97 33 88 
37 53  6 38 99 38  7 
25 32 100 89 15 17 30 
85 75 49 97  6 84 64 
 8 42 79 38 50 69 46 
46 53 85 34  5 90 23 
6 9
30 80 11 81 20 77 97  2 13 
24 50 10 29 85 73 36 79 51 
73 28 72 18 25 24  3 11 81 
44 85 36 75 14 67 37 95 39 
13 43 40 78 66 41 87 94 26 
11 81  4 14  5 83 85 75 59 
10 9
21 40 24  6 27 98 19 94 34 
65 84 99 60 23 76 25 63 62 
71 40 24  3 43 37  8 77 73 
82 88 33 62  8 24 85 13 51 
83 84 96 16 48 79 66  7  1 
41 84 15 54  6 55 78  8 49 
14 67 78 87 100 65 71 61 72 
94 46 85 44 80 68 91 47 67 
21 13 26 73 53  9 88 59 66 
94 36 73 42  1 40 71 39 39 
5 9
52  7  3 49 43 98 28 10 89 
26 28  9 38 53 82 43 13 21 
 1 78 14 88  3  7 88 42 78 
27 32 12 87 83 70 89 31 12 
87 10 73 27 36  1 87 25  5 
10 9
70 40 19 47  5 58  1 64 98 
94 41 76 26  4 62 60 26 51 
43 89 89  4 62 67 39 14  5 
16 70 25 34 39 16  5 38 73 
62 38 36 11 32 28 86  9 83 
48 20  8 50 14 97 90 18 10 
56  8 23 60 23 44 36  9 83 
52 13 72 24 74 61 11 37 44 
90 22 52 72 21 24 32 70 37 
28 59  6 89 66 66 63 78 88 
6 3
96 40 16 
60 11 91 
86 72  1 
22 15 90 
43 19 14 
16 94 45 
5 2
24 96 
88 12 
13  5 
74 90 
44 31 
3 2
71 18 
51 33 
61 36 
6 1
57 
23 
 3 
52 
93 
16 
7 6
60  3 19 83 50 58 
46 63 62 71 52  6 
 1  6 97 23 76 47 
 8 36 35 15 48 91 
37 50 94 81 65 60 
18 76 15 37 10 64 
94 55 26 56 77 30 
3 10
87  9  4 62  7 11 49 41 26 97 
84 14 98 77 95 63 89 12 90  3 
48 100 66 94  6 44  1 35 73 13 
4 9
73 67 73 79 78 21 72 55 69 
 7 68 67 35 14 81 23 26 70 
77 25 21 95 18 79 90 18 13 
14 30 28 72 54 94 96 33 23 
9 6
29 37 62 97  3 96 
62 35 71 87 57 99 
12 77 93 81  7 82 
99 71 47 80 98 71 
34 44 66 18 18 34 
73 47 23 86 95 77 
81 56 12  3 95 68 
 2  6 96 46 38 55 
80 36 25 26 68 75 
6 3
70 62 70 
87 47 94 
33 69 79 
79 98 11 
35  9 14 
29 28 67 
6 5
12 23 29 91 11 
 6 17 30 32 12 
82  1 25 51 87 
72 96 72 92 74 
50 89 36 84 49 
49 64 28 15  1 
3 9
76 83 69 86 40 37 67 71  1 
48 23 25 50 62 48 45 33 92 
70 82 32  5 18 81  6 33 60 
2 4
14 50 61 97 
19 46 88 55 
2 1
55 
11 
3 2
60 46 
79  4 
78 22 
3 2
54 77 
81 34 
82 13 
5 4
98 59 55 58 
55 73 55 94 
80 18  4 86 
28 89 69 39 
34 100 42 64 
1 6
75 74 95  7 59 28 
1 4
33 69 62 88 
8 8
12 85 13 43  2 69 81 82 
57 49 20 42 100 14 57 21 
31 31 46 25 89 57 53 60 
12 85 28 25 24 57 44 36 
41 56 30 95 24 10 28 32 
11 99 26 10 64 82 82 95 
65 80 19 53 36 23 12 47 
60 91 71 83 100 14 70 40 
1 10
86 45 61 65 28 71 64 53 33 27 
5 4
21 51 93 92 
 3 80 14 15 
78 73 57 100 
 8 56 65 77 
48 86 28 85 
2 9
50  9 59 65 14 91 91 100 57 
64 50  1  7 52 33 20 18 10 
5 5
10  4 82 74 80 
29 11  8 14 92 
48 63 53  6 27 
66 49 69 17 57 
84 66  9 90 69 
1 2
39 51 
8 5
12 61 46 85 92 
27 96 51 40 39 
98 54 91  4 32 
 8  4 100 24 12 
36 41 20 77 62 
61 90 100 63 47 
16 74 59 13 10 
51 39 57  1 78 
6 9
31 38 54 62 98  9 14 21 20 
 1 14 39 77 75 51 67 26 13 
65 93 86 24  5 96 74 44 52 
26 21 99 76  4 89 29 17 86 
37 30 58  8 82 71 99 59 97 
49 77 74 62 41 66 47 16 71 
4 9
14 98 67 86 96 42 89 36 23 
 6 21 11 87 79 19 69 49 17 
79 98 65 55 71 78 47 37 25 
63 59 70  3 24 19 69  9 67 
1 10
 2 33  7 23 43 93  1 13 13  1 
9 3
98 46 97 
21 23 96 
 9 99 58 
67 21 60 
90 39 81 
50  5 91 
99  7 75 
 5 29 69 
50 81 34 
4 1
14 
57 
31 
59 
5 1
34 
100 
11 
32 
57 
7 4
69 18 43 49 
67 99 91 66 
 5 17 22 85 
37 71 17 70 
85 98 84 93 
80 94 97 82 
79 97 92 63 
3 10
66 73 89  8 21 55  7 11 72 63 
27 46 100 16 16 16 85 52 13 20 
44 44 14 93 25 44 89 68  6 93 
7 2
66 75 
31 86 
82 37 
49  5 
52 27 
50 51 
42 18 
6 9
21 31 98 17 26 63  9 51  7 
97 70 12 41 57 83  6 83 14 
44 16  2 44 21  5 70 70 55 
64 87 73 42 60 55 91 76 80 
54 84 82 12 32 52 75 72 60 
58 30 42 23 73 58 76 68 30 
3 7
51 39 52 38 11 93 49 
17 36 24 97 89  7 78 
52 90 29 26 61 88 35 
10 2
 9 14 
91 37 
81 72 
69 70 
22  7 
21 11 
70 66 
59 38 
 1 82 
34 41 
10 4
92 29 44 69 
42 84  4 31 
17 64 97  7 
100 29 78 20 
98 51 27 71 
62 48 36 20 
85 88  2 71 
28 93 86 71 
22 29 39 63 
64 94 45 80 
8 3
38  9 22 
67 29 19 
18  7 89 
79  6 76 
98 42 63 
51 12 90 
44 49 12 
65 78  3 
9 1
48 
23 
73 
 5 
16 
10 
66 
89 
77 
4 7
94 100 48 72  5 23 21 
98 86 72 10 27 15 58 
39 31 87 93  9 80 40 
83 52 97 50 13 62 38 
9 7
45 34  6 44 57 62 66 
78 59 51  1 20 30 15 
30 20 45 68 12  5 99 
51 87 50 47 37 15 60 
26 55 66 70 89 23 65 
45 36 31 74 47 33 74 
18 62 40 47 81 36 67 
92 40 65 95 27 67 93 
15 81 53 40 35 18 62 
5 3
26 72 28 
56 45 74 
41 71 92 
 2 10 90 
35 46  8 
8 7
73 72 63 39 65 29 71 
69 69 57 38 30 32 30 
55  3 58 63 99 83 55 
21 26  8 83 68 42 80 
75 72 16 47 43 31 37 
59 59 59 79 27 16 17 
 8 47 46 15  1 55 77 
51 90 83 72 15 90 54 
2 2
33  9 
 3 100 
5 7
30 44  8 89  2 86 15 
17 54 23 15 100 37 67 
 6 65 18 95 47 89 62 
36 94 95 19 78  3 73 
77 10 22  7 53 81 95 
6 6
61 23 72 35 89 71 
23 56 28 87 25 23 
85 65 36 73 58 30 
91 35 33 16 11 42 
37 17 46 17 63 51 
34 24 25  5 58 66 
7 3
73 55 19 
97 29 56 
61 64 28 
70 93 70 
 4 77 85 
66 70 73 
35 15 41 
7 8
75 72 42 31 82  7 58 14 
79 64 84 27 44 39 87 59 
66  8 51 88 11 80 72 77 
49 97 11 16 37 59 33 63 
31 74 94 64 33  3 77 63 
18 60 90 61 51 28 19 68 
36 21 55 98 52 79 26  1 
5 6
16 63 47 48 26 29 
73 19 92  5 73 20 
20 90 31 61 50 81 
88 20 49 75 92  3 
73 44 33 50 96  7 
8 1
22 
84 
10 
47 
12 
34 
65 
55 
1 7
74 10 78  4 70 79 37 
9 8
85 36 41 39 60 36 72  9 
31 30 46 93 51 29 54 97 
92 88 13 98 78  1 71 39 
78 27 60 56 63 68  5 99 
55 98 37 14 33 60 23 64 
90 20  8 92  1 62 41 92 
 1 53 90 78  6 12 68 83 
38 27 91 52 46 95 50  1 
92 87 66 77 98 88 92 87 
10 9
31 60 12 71  3 12 75 92 89 
80 56  8 15 45 34  5 97 80 
51 46 32 95 84 97 71 82 37 
62 20 96 60 50 55 72 72 57 
35 47  1 76 26 56 83 40 100 
17 96 48 48 47 46 79 93 29 
75 63 62 63 76 34 58 87 35 
64 10  7 73 45 53 73 20 30 
80  2 22 31 70 17 31 17 15 
76 47  7 56 22 69 18 84 96 
3 4
83 37 57 92 
43 29 36 47 
53 55 77 84 
7 8
67 78 66 97 95 81 24 41 
39 79 14 60 48 50 55 50 
43 37 87 51 29 29 32 64 
76 84 71  4 20 79 53 38 
56 18 34 50 50  9 43 41 
87 56 100 35  5 54 84 99 
91 22 50 19  3 81 34 30 
6 4
33 87 82 37 
24 38  6  9 
39 56 17 81 
96 56 89 47 
90 45 100 25 
44 90 99 45 
10 1
77 
94 
30 
44 
49 
14 
31 
31 
50 
 6 
10 5
15 58 62 83 91 
 9 38 31 55 79 
75  7 56 70 96 
54 66  8 54 42 
53 35 38  1 48 
68 83 49 25  2 
 3 91 12 17 74 
54 77 63 84 84 
42 10 90 49 32 
37  2 97 96 55 
1 8
89 28 49 88 47 83 36 71 
7 10
62 100  6 35 53 35 49 88 18 42 
49 59 90 80 47 91 29 43 97 19 
90 37 98 90 24 44 73 11 14 61 
 1 75 60 58 61 64 92 10 51 61 
 3 51 71 93 31 18 35 11 60 84 
29  1 20 78 43 96 21 15  6 86 
27  6 61 86 16 73 49  7 34 51 
10 7
 1 90 81 83 59 15 93 
70 98 73 71 70 50 13 
65 70 79 22 56  5 28 
68 42 43 92 90  1 26 
40 72 14 40 14 94 75 
72 60 67 42 10 40 64 
79 89 28 95 11  6 16 
18 62 95 85  3 37 28 
44 90 53 83 61 66 74 
74 11 48 98 71 15 39 
2 6
54 10 94 81 56  4 
38 71 21 99 18 57 
3 6
85 96 95 89 30  8 
 7  3 81 17  3 30 
39 69 20 70 74 73 
1 9
 5 38 23 42 61 95 40 78  4 
4 3
40 39 30 
80 68 37 
86 23 69 
55 25 99 
5 5
18 67 18 43 97 
36 47 87 10 89 
47 57 80 24 60 
24 58 51 14 87 
30 82 75 16 56 
4 2
80 94 
66 76 
63 32 
93  5 
1 10
52 67 90 92 13 98 23 88 57 98 
7 9
12 84 88 45 58 55 100 53 76 
31 46 94  6  9 77 50 65 57 
81 68 75 70 59 39 67 34 26 
75 31 75 33 94 58 73 90 67 
79 41 20  7 23 17 100 80 77 
76 29 42 85 10  9 59 31 68 
98 50 53 75 76 83 49 61 29 
8 3
18 77 11 
59 48 17 
81 64 68 
61 41 96 
41 82 80 
50 42 90 
33 61 87 
82 13 14 
9 6
14 69 24 72 53 93 
48 64 51 47 32 32 
10 52 44  2 47 84 
35 26 86 77 15 18 
37 54 51 50 19 59 
97 32 80 72 55 32 
64 54 95 67 100 79 
50 62 30 93 63 76 
76 98 53 61 74 19 
10 2
24 80 
11 42 
91 59 
74 70 
30 80 
 1 46 
34 48 
12 85 
26 61 
46  7 
3 9
82 80 58 86 41 83  4 70 44 
28  2 55 69 92 13 94 13 95 
26 13 40 11 60 51 95 37 11 
3 3
15 53 24 
94 10 61 
34 92 65 
6 7
92  9 41 12 52  6 58 
64 52 83 76 91 93 88 
41 39 24  3 31 19 17 
83 94 62 44 55 48 35 
19  3 22 62 63 14 73 
14 71 82 29 22 16 56 
4 8
43 56 99 19 10 29 37 26 
64 30 88  7 36 35 94 54 
89 67 15  3 32 40 68  3 
73 96 76 89 51 92 96 46 
7 6
16 57 75 52 34 38 
33 73 44 69 59 37 
74 99  3 41  1 35 
32 68 89  4 15 16 
92 66  7 40 11  6 
85 26 14 59 29 47 
48 13 72 44 33 82 
2 9
81 35 99 33 21 30 53 61 33 
67 28 77 32 35 16 94 92 52 
1 5
63 51  3 10 16 
4 5
48 56 37  6 88 
23 56 20 43 85 
72 55 70 39 82 
46 70 68 61 16 
9 4
86 63 26 89 
66 36  4 91 
40 51 98 28 
 9 85 50 64 
 5 44 49 76 
98 70 66 32 
15 88 99 27 
 3 58 90 40 
72 16 28 89 
3 1
80 
94 
34 
7 2
94 62 
71 57 
18 67 
57 45 
64 26 
11 95 
40 98 
6 8
52  3  8 91 26 75 71 15 
77 53 94 22 86 22 95 79 
35 66 88  4 84 44 49 47 
22 59 94 13  8 39 31 59 
93 38  1 18 12 71 32 40 
24 77 61 61 51  8 40 85 
5 9
89  8 22 37 54 95 47 99  8 
54 37 38 64 81 75 64 99 38 
87 30 29 62 59 41 22  9 48 
13 93 72 91 33 79 65 21 85 
59 67 83 66 72 72  3 87 52 
9 3
50 18 89 
32 46 50 
90 39 23 
98 86 36 
42 10 78 
75 88 42 
47 72 53 
66  7 18 
37 78 73 
6 1
53 
78 
83 
23 
66 
14 
10 7
55 58 89  4 96 76 45 
 5 54 71 92 47 70 16 
99 35 74 69 23 51 93 
98 83 45 75 65 67 92 
30 39 58 84 96 99 39 
91 74 36 95 79 58 39 
26 27  6 76 61 79 44 
84 81 88 33 63 85 60 
80 51 51  9 41 61 45 
37 11 35 79 84 70 26 
3 8
16 40 54 21 15 67 51 11 
50 31 50 34 45 34 93 76 
85 96 85 77 56 81 13 66 
5 2
 1 85 
69 15 
64 84 
 6 17 
 4 73 
3 4
83 84 36 32 
70 80 66 62 
56  2 57 92 
8 4
24 43 81 90 
86 34 74 54 
48 89 37 54 
 6 92 26 40 
45 60 76 32 
43 45 11 60 
58 18 13 15 
61 43 30 36 
7 1
26 
22 
44 
51 
27 
43 
40 
3 8
97 54 25 88 50 36 63 81 
79 59 43 90 17 13 55 83 
73 49 12 61 85 74 86 58 
9 8
84 12 27 98 59 75  3 36 
63 52 71 25 32  1 36 26 
91 52 38 97 34 63 45 97 
23 81 71 60 90 91 47 25 
 2 74 22 13 100 24 48 62 
27 18 39 10 19 74 35 61 
25 73  9 10 87  5 58  9 
37 28 20 26 19 66 50 72 
91 23 36 91 98 35  4 24 
3 2
85 23 
15 19 
35 91 
3 3
52 81 47 
10 89 83 
89 60 60 
9 6
61 83 68 83 18 58 
32 53 62 55 57 55 
91 31 22  9 65 12 
 4  7 16 84  5 25 
25 39 65 84 98 24 
61 58 58 29 92 75 
38 23 79 51 29 35 
 6 19 17 27 79 81 
90 34 39  5 18 95 
1 4
33 98 29 30 
3 10
39 30 70 30  4 59  4 35 62 32 
21 19 50 38 97 81 18 86 14  9 
43 83  3 75 76 36 72 57 17 44 
6 8
25 67 37 81 25 93 15 38 
24 35 56 26 24 52  6 94 
90 71  2 32 54  4 58 81 
91 82 37  8 77 34 15  2 
100  3 82 77 95 48 14 71 
82 70 96 58 73 53 51 62 
3 2
45 28 
55  3 
 9 46 
6 5
 5 12 31 71 65 
30 73 46 58 20 
93 24 90 27 93 
37 36 65 89 86 
79 63 37 23 91 
43 25 99 40 60 
5 4
24 25 66 88 
 7 39 34 64 
10 78 87 51 
56 31 87 91 
48 27 76 26 
9 4
48 31 59 25 
29 98 36 76 
94 59 100 59 
47  6 49 32 
22 58 61 60 
60 17 91 46 
59 90 24 87 
67 65 50 14 
95  8 90 24 
8 6
51 51 84 50 61 82 
 8 62 13 29 19 74 
88 31 42 30 28 100 
71 52 38 37 16 88 
 3 62 47 92 37  4 
17 87  6 53 37 67 
34 44 28 99 24 98 
24 63 28 17 93  8 
8 5
59  6 52 26 93 
54 87 91 45 24 
95 14 10 100 18 
98 18  3 93 97 
 1 16 47 76 31 
26 92 75 33 60 
89 43 65 40 68 
 9 93  7 51 90 
10 5
55 91 97 72 89 
66 74 33 63 27 
 1 61  2 31 86 
94  5 19  5 93 
61 21 85 81 81 
29 87 31 70 68 
76 24 10 24 47 
98 89 73 83  3 
99 83 63 52 13 
 1 97 69 19  1 
3 1
73 
97 
63 
3 8
49 84 47 68 11 23 78 86 
21 27 26 93  9 81 43 91 
95 95 55 95 43 75 65 44 
8 6
68 36 58 21 65 59 
56 12 78 18 86 55 
55  6 82 80 99 42 
60 93 85 55 39 91 
49 82 66 14 77  5 
61 44 92 70 16 57 
80 71 20 58 40  5 
12 94 62 45 26 12 
7 5
 5 23 91 43 13 
92 24 78 57 100 
34 69 96 26 38 
11 82 70 34 53 
27 73  9 90 19 
70 87 44 82 25 
80 86 47 23 80 
9 4
56 37 22 55 
22 90  2 47 
79 13 80 48 
46 32 26 70 
40 16 88 62 
 2 83 43 26 
15 80 72 37 
59 82  2 14 
70 23 21 92 
2 4
38 42 86 70 
90 83  1 15 
5 3
82 44 54 
35 27 48 
60 41 27 
83 77 37 
65 78  3 
4 2
75 77 
15 48 
15 56 
86 84 
7 10
36 64 24 80 45 68 33 80 46 32 
91 86 10 26 14 47 42 43  1 75 
94 27 52 60 26 18 15 11 53 64 
31 88 27  6 68 23 73 52 54 18 
84 45 55 45 22 20 43 63 62 43 
37  7 21 40 66 47  9 33  9 61 
96 91 49 74 97 68 96 69 19 50 
9 4
46 93 99 67 
13 41 29 26 
36 17 33 56 
 9 50 54 17 
82 63 30 29 
53 30  2 49 
97 98 70 67 
99  8 21 96 
52 71 62 16 
3 2
42 98 
10 26 
 6 18 
7 1
87 
 9 
73 
68 
89 
26 
97 
1 6
93 40 47 59 90  6 
1 5
58 53 98 25 16 
1 6
65 100 43 22 70 70 
3 8
30  5 75 18 82 71 60 60 
15 51  6 25 92 12  8 76 
21 60 25 45 75 15 63 40 
5 5
13 36 74 45 43 
 3  2 69 73 83 
91 84 42  5 35 
100 81 26 11 88 
54 83 48 78 27 
2 5
89 13 59 46 78 
46 19 22 40 74 
3 8
98 58 98 81 51 54 15 50 
34 93 12 74 46 94 21 75 
73 94 19 13 59 29 58 36 
4 9
 9 13  2 32 72 51 41 21 31 
91 74 98 41 60 90  4 33 87 
50  5 13 22 98 32 34  8 12 
92 43 38 72 52  2 25 35 74 
5 7
94 57 17 20 54  9 31 
95 13 63 33 14 19 46 
35 16 29 20 24 92 63 
18 29 34 21 31 58  7 
56 84 33  1 41  2 20 
4 10
 2 41 74 16 73 87 34 70 73 50 
98 93 25 90 55 94 70 89 15 100 
98 73  7 82  6  8 22  7 79 67 
68 81  7 42 96 80 80 30  1 53 
1 9
97  7 40 51 52 61 91 18 13 
1 1
19 
2 8
26 95  6 57 61 73 37 68 
66 84 99 98 65 99 50 95 
9 6
53 40 48  5 53 39 
22 65 79 12 83 52 
11 61 46 16 17 58 
89  5 77  6 40 75 
 3  5 26  4 99 26 
 1  4 18 49  8 70 
39 29 34 69 93 68 
20  3 80 17 71 48 
26 11 52  3 16 92 
9 1
96 
 6 
74 
46 
32 
75 
 1 
49 
75 
8 10
13 89  3 81 33 22 52 87  2 20 
57 49 97 67 53 99 35 44 28  5 
91 33 78 88 16  4 89 16 78 48 
85 42 36 39 74 20 61 77  7 62 
96 15 10 93 82 62 43 68 57 22 
72 99  7  1 39 22 57 27 38 86 
26 74 28 14 13  1 33 73 78 91 
86 25  6 47 69 39 61 64  6 17 
5 9
68 91 29  6 65 37 84  2 23 
 9 27 50 22 39  2 55 63 31 
97 48  8  2 47 76 40  7 91 
97 75 76 25 42 18  6 99 82 
42 82 35 16 43 62 65 64 100 
9 10
15 49 67 14 56 20 60 84 12 66 
74  8 93  1 85 86 19 90 85 100 
83 18 87 51 60 48 67 76 99 85 
97 13 34 63 27 41 83 86 76 94 
 4 50 53 96 50 37 81 20 78 17 
72 13 35 58 63 46  5 29 21 55 
14 18 68 99 32 94 91 66 31 67 
11 34 68 64 29 69 52 62 89 82 
78 60 94 64 69  8 10 25 36 30 
9 1
99 
46 
51 
31 
91 
42 
96 
22 
60 
7 7
27 22 88 95 25 49 35 
 6 78 46 99 42 14  6 
51 38 94 80 69 46 79 
66 97 61 57 90  8 30 
 1 66 36 27 87 23 73 
12 23  8 69  1 53 68 
42 67 25 44 56 70 75 
6 6
 5 42 64 65 50 53 
73 31  5 38 18 31 
77 93  3 40 15 62 
 8 67 15 27 60 33 
 4  3 40 73 78 16 
88 82  9 51 99 58 
5 1
40 
59 
60 
57 
41 
6 9
96 27 16 57 35 34 23 13 94 
55 16 48 95 89 77 62 28 59 
70 79  9 79 85 79 18 96 90 
26 36 78 75 83  4 42 40 90 
75 14  3 20 69 18 68 15  6 
44 28 34 54 97 64 62 75 100 
2 4
95 82 69 83 
59 95 65 14 
6 6
 4 11 70  6 82 90 
75 49 56 33 45 83 
18 98 79 81 12  5 
32 55 100 27 36 68 
61 46 63 25 60 50 
33 15 12  2 20 94 
3 6
42 98 78 38 80 95 
36 10 27 99 66 59 
53 65 37 41 84 97 
8 6
73 97 48  5 63 59 
 6 34 52 100 80 46 
97 57 83 28  4 70 
37 30 20 54 40 73 
18 76 13  2 24 50 
99 97 99 46  1 61 
57 59 95  8 58 26 
 5  7 34 40 34 37 
9 3
19 81 76 
58 53 94 
86 17 47 
61 18 45 
 9 68 43 
10 29 99 
20 75 58 
29 52 15 
35 85 54 
1 2
14 43 
2 4
18 49 98 11 
86 14  9 99 
4 6
 7 51 48 68 31 98 
87 57  7 68  8 21 
54 93 26 74 66 92 
16 57 85 34 57 35 
6 5
48  5 93 31 10 
99 82  9 67 12 
58  5 21 16 72 
28 37 78 20 14 
51 37  5 67 93 
42 52 50 76 47 
4 5
 3 88 58 64 86 
91 24  4 54 81 
 9 74 97 32  2 
85  9 73 50 60 
