100
-2670 -4301
-4749 943
781 2149
3005 -3018
-7284 -5069
608 1648
-4096 1622
3585 6982
6569 -4277
-1005 -4875
5614 3028
2997 4570
-1166 -7100
-7143 2613
-2898 -5746
141 -6715
-2547 -5756
1728 -2914
3894 -2767
1569 4110
6016 1029
-1742 -5580
-4849 695
254 572
-4730 6750
3197 -6615
2278 5046
-3193 -6388
-3202 -2836
-4922 1401
5270 -5929
-6462 1575
-4185 2766
6162 7209
-1149 6583
3819 3719
6464 930
5639 467
477 -1607
-6461 3248
3995 4236
-4515 -1226
-6866 6144
-114 -2568
-4191 -6184
-4613 -1277
-5993 -1297
341 -979
4764 -1956
4456 1084
-5737 3420
866 -1246
-3613 -6157
-4000 -2574
-4057 7495
514 -1072
-1231 1148
-2427 -2492
-2568 7234
5176 -6030
-335 -6936
6545 -7476
5619 -613
5397 2883
-3717 2353
2819 -1953
-1727 2537
-4347 2160
3881 -847
-1562 7324
5501 6452
5105 -3230
6452 -4822
-6870 2737
1264 5807
4207 -219
-2277 -5396
-194 2194
-7157 -2297
-2423 -3373
-1091 -751
-6474 4682
-5714 -3321
5695 -2981
3333 2985
3196 1334
-6710 7153
-3044 7242
1183 3939
-6169 -5053
2246 -3110
2228 -1179
-1005 886
-6485 -662
-2558 4944
3465 3851
-3307 4491
7385 4832
-6329 -3068
703 -4144
