750
5823 -1252
2897 -1297
3957 -2020
2695 -856
2027 4756
3468 -6124
-4517 -1691
3642 -4176
-551 5270
-2712 512
-3448 -5188
4930 -4163
-948 2259
5852 -5962
-2984 -3798
4856 1691
2450 6606
-754 -1093
-2914 -5558
-3096 -2035
-1950 -776
-659 7385
5033 -4516
-4291 3334
-394 6850
-3653 -4990
-5838 129
-1653 7066
-5112 -3300
-6396 5756
402 -2687
-53 1704
-3581 6694
-537 7357
-12 3867
-2177 -3110
-4409 -3984
-3224 -523
-1000 6337
-4689 -2541
5687 5510
-31 -1298
-1861 5817
4620 527
1369 5725
-1217 -5729
-4462 -2417
-5173 -543
3129 1790
-686 -4383
4510 -4011
6359 -1047
-494 1987
5930 -2642
825 94
2317 5364
-1896 1139
2918 -4904
-544 39
-5525 -6675
-1736 7111
1448 -7346
-2806 -4873
-389 -7177
4417 -2223
2292 1427
1267 -7497
-7119 -375
1991 -2337
4483 1668
5257 5653
5884 2214
-708 -7345
4810 -2400
194 -1863
4777 -2690
-2252 -1275
3816 -6206
1352 -4073
-5883 4621
-7444 -4739
4901 -7325
1617 5282
-200 -3892
1797 -3216
-3372 5907
1289 1364
621 -6919
1519 4283
-1819 565
-5080 -4542
5375 6521
-6965 -6957
-7185 -6761
2822 785
-3288 2879
-5102 -5887
3054 4015
6895 -4645
-1025 -7455
5991 3103
5952 -220
3320 5425
6713 -2661
2208 -2606
5405 -4020
6704 -5368
1353 -1409
-4824 1669
-670 5498
-5046 3542
7229 -2648
5156 2784
220 -4097
-3009 6695
2300 1834
2299 752
466 -1881
-1323 -321
-5690 -263
-4075 -1433
700 -2929
1220 -5272
-2408 -598
-922 6398
1796 -1192
-3749 5804
444 -4677
-5792 -3713
-5482 4008
5621 -4331
3613 4939
-7360 -5210
-2882 -5549
2028 543
518 4098
-5476 70
2298 5114
1498 -6123
4012 2146
451 -519
1938 -6489
3268 -4691
-3629 -7259
-1522 7484
5180 -1381
-5225 -5202
-5807 -60
-1395 2569
-7489 6126
-3983 -6339
-4908 -3633
1390 6605
4572 -1036
7408 5363
-6828 3847
3417 -850
3831 1097
5269 -2542
6965 2792
3484 -1930
4213 -5153
-3303 -7270
-3992 -711
-3403 4899
4746 -4889
-2174 1819
1575 4087
6034 403
-237 6706
-3250 2033
-4256 -4418
6021 -4791
5874 -6643
780 2588
2818 -787
-5530 -1732
2964 6717
7388 1306
-3771 5922
-3520 4811
4378 -6312
3097 -1140
1370 -2307
1942 6244
402 6669
7101 34
3863 3427
-6629 -2814
-5805 3835
-3597 -6074
-4023 2643
2733 -293
7417 -4206
2052 -3603
3937 1407
-3358 -2192
6600 -2563
-3448 -498
-3394 2505
-1611 -2785
5790 -7458
-3812 1905
2258 -3895
-3448 3162
6354 3510
3769 -3562
5804 2869
1375 -5144
-3787 7112
7069 6247
-2359 -1867
5257 5461
684 -6055
6219 -4558
3903 -4729
-2544 2757
-2367 5900
-5162 -5943
-3587 4346
-601 6479
-4689 6152
-6996 -5120
4899 -2733
-909 -4960
2900 3200
-647 -3916
4646 -1928
5378 7401
7195 -4666
-6266 5912
-1270 2425
7469 1853
4991 2735
1714 -785
1595 -707
-1663 -462
-4761 39
3674 -1263
-3037 -7095
-1362 -3341
-4261 148
1487 3326
4912 -930
-1749 -3766
132 7035
-543 4489
2880 2006
4236 -3029
897 6763
7168 698
-5481 1759
-302 3507
-2415 -2889
-4923 3336
7197 -6296
4884 5563
-2947 1426
4768 -886
-492 6500
-6788 4383
-6509 -3869
7094 4537
765 6791
5742 6196
-3191 3126
-4389 -7286
4034 7199
2830 6867
1851 5
-7398 -7203
-2957 7220
-1559 1637
5916 2750
-7364 3745
5396 6507
5182 1624
-2149 -6932
1324 5065
2360 6996
-5022 6757
5615 -5228
-4022 -4842
3522 6762
6903 -4646
6792 -6884
-3003 7282
3454 4075
-389 -5555
6925 -6297
-3170 3412
-1826 -7164
-4630 4654
6067 -5337
7188 6491
7036 6639
-4000 5499
-64 -3234
1596 -639
-4727 3643
-3470 -2076
-5999 652
-3454 4286
-4001 6041
-4125 -4313
-3616 2246
-6274 -431
-1292 -2329
-2387 6145
-6711 6710
-3511 7132
-7394 1604
5582 -311
5179 309
2877 -5936
-4944 -4545
2569 7342
-2661 391
-2572 3621
-697 1862
4898 3579
6847 -1468
-198 -5435
-36 3495
-2143 5405
1797 6352
3736 -5882
5583 567
2670 -4154
4994 673
-2349 -2249
5341 -6048
7310 -606
4555 4938
-4811 5687
-4201 6321
6625 -7378
-801 846
6412 5361
-7260 5131
-1125 3296
-7252 -4855
-4284 1904
7294 2732
4526 2297
-2318 4774
-3705 898
-822 6042
-3540 -1286
-3826 5284
2077 460
-3362 -3466
5494 -7100
-6171 5928
2838 1096
6982 -1944
-4909 6235
-5362 5364
570 6359
-7183 -6194
4961 5125
6537 1930
2584 -173
-3065 -6362
5929 -6051
-2377 -6100
-1884 -5818
3942 -2572
5086 -3936
-5846 -7366
2164 4239
6013 2038
3846 -6863
-4371 -6030
-7416 -2142
3976 2366
1899 694
7180 756
-4706 -6696
3144 3680
-4896 -4803
-2460 -4144
-4260 6055
1314 -6336
5870 -5244
-5558 -6787
6027 -3561
1706 -7478
6023 7266
2634 3150
-5761 -7205
-3266 3054
-7317 5082
1563 494
270 2130
5339 -7389
6121 -7419
-2123 -5510
5833 935
638 843
560 5611
-4001 352
-2208 5609
-94 -3048
5754 -3671
-6797 6259
3542 2836
-2524 -7061
3528 3809
-6874 -450
-6309 1074
6748 -6404
-2038 6740
-2973 2148
-5573 -3724
4901 -3825
5279 -6434
3636 -6192
602 -5593
-6145 -7250
-1136 -7347
-4789 6274
-5618 5211
5280 2089
5462 6985
992 -2083
-2812 -3577
-4743 -988
4848 -4734
1172 -6594
-7317 4276
-6996 376
-2998 6310
3526 -1074
-3965 -6613
182 2620
-2552 2309
-2625 -7136
3961 -633
-7049 6107
-2851 -2563
-2714 5004
4082 -5644
-2845 -5347
-4073 4525
-950 -1151
-1459 -263
-7414 -6295
1006 -2819
-7087 4504
4062 -6811
-7244 3920
-641 -81
-4491 6927
3348 5867
6757 -6584
6328 -5588
-5661 5764
3557 -6847
-7481 3357
2515 -1518
-2044 1403
-4235 -6910
-6842 -4225
-6509 -6363
-1788 -4489
6844 -7227
6649 7389
-1053 -6038
2628 5323
-5732 -3117
2350 -2299
-4278 6364
-6433 5711
-7039 5315
-2733 -262
-1483 6881
6180 354
640 -2830
5316 -2472
-6886 -4582
-3585 2979
-4992 -6985
-1376 -4820
4109 6553
-1841 6609
818 664
5659 -7104
-6177 -1359
6736 623
-4497 2382
-7318 -859
4818 3822
-3000 4877
-120 6019
4367 -4120
6293 5791
-7164 -369
2692 3807
-7461 2440
-731 6456
7092 3796
-4945 -5718
-6636 3541
793 -2743
1335 -7197
325 -5358
811 2838
-4215 -5771
-4986 2233
-746 -7295
-4329 -6567
3850 6373
3704 2981
2541 1688
-436 -6236
-72 -5606
-6278 6299
-4088 -5734
-4113 2349
-6462 -4563
-292 -5494
-2032 3981
-4918 -7175
-7288 -6756
-5643 -2633
-6530 363
7474 -3135
-6398 -4081
-7058 -2689
-6604 6884
7087 2515
4321 -2196
-5540 -4562
-2145 -3189
-4274 -3212
4889 -3927
-6830 7095
7231 5212
-5176 -1740
1844 3632
5616 -1671
2651 6896
5563 6048
-353 -957
7266 -7304
-1753 6276
-7231 4085
-2457 3337
-3951 -3799
-1723 -5343
-4856 6785
1269 -6993
1034 -6887
-5946 -5406
-5481 6875
6656 847
-4714 -6685
5152 -4076
-1140 5811
-5548 -7255
-4722 -7095
366 -4459
-6340 4666
7352 76
7232 5847
4499 -5882
5238 -5347
2600 -5615
-632 7249
-3109 -6270
-4282 7039
-2064 1522
4631 -4677
-7179 6101
-4693 -5730
6400 6067
2229 -6925
6495 6802
-5564 4359
-7066 -4282
7217 -4112
-5196 2831
4661 -5295
3731 -2249
6135 -2633
5993 -6973
-6670 -7114
-6175 2168
-2988 7358
-6048 6563
6122 -2785
-2507 -6547
-6900 3324
5643 -6242
-6430 -6024
-7317 5846
-5922 6264
4930 -6585
7198 -4235
-335 -6717
-7240 3739
1255 5394
-6997 -4436
-2026 -7329
-4517 3971
6676 4523
5076 -1939
1539 -885
6668 7394
-3258 2057
5970 -5762
-6224 -448
-5207 -6454
6505 6678
-6866 1826
-5381 -4071
2097 7293
5090 532
-3655 7074
7105 -3300
-5273 6670
-3346 -2499
-1255 2839
5461 -2263
5324 5338
-5680 -6871
-6161 2924
7472 -6548
4064 -6775
6213 7394
6364 6477
-5088 -2655
4330 -7249
3364 5215
-5699 -7207
-521 148
-6307 7045
3975 2252
-6523 6892
6300 5846
6266 -6860
6865 -6986
-3323 -6820
4898 -4000
5155 -6637
-7102 -6136
-1250 1230
3723 -1955
7138 -3654
7150 5920
-4896 1164
1460 3106
-2300 -502
-7319 -6816
7036 6294
-5377 7366
6324 -5936
-6037 2586
848 -2739
-6501 1112
-5545 -1063
-3882 -5893
5154 1718
7467 5039
3053 4627
-3112 -5786
6217 296
-7373 5611
7165 6122
4460 6740
-3256 -6409
-6861 -6981
4502 7269
1983 4000
6547 1572
1058 -3253
-6674 4448
-6977 -5979
3322 -4770
4894 -7363
-2812 -6194
-1376 -1716
7226 5555
4922 -3478
-6839 2185
-5382 6425
7006 3794
-63 -3489
-6476 -6326
-6132 6713
-276 -6939
-3062 -5763
7478 1839
6785 3428
-7414 6965
6790 -7407
6611 7429
-6563 4940
7149 -2152
-7046 6056
4981 6879
-3213 -3794
4704 2761
-5379 -3892
5750 5879
6996 6404
-6618 3588
-1032 662
-3829 6997
-4917 5409
-7320 106
-2270 -6143
7417 5746
-6665 -6953
4993 5364
-4124 -7027
7005 -1714
-5183 -3188
-6919 7381
4032 7487
-1327 4774
4482 -7143
3776 3731
-5922 5677
115 6364
7211 4052
6029 7099
-6811 -6554
4414 6281
5626 -6049
4734 -4380
1022 -7320
-6941 -5315
-6717 5319
-7164 -6786
7143 7316
5072 7247
-5840 -2390
1682 1325
5663 -3632
6311 6463
5333 6826
-6793 6777
-6893 -7067
5175 4627
-4933 -1258
4547 7468
-6858 -6990
-6500 -3804
