500
-6153 -6644
-5276 2130
-4630 3980
-4793 -5810
-6012 -3998
4051 4440
4882 -874
992 3145
-3493 -162
5658 -4001
2665 5125
3370 -3429
1557 52
3235 4746
420 -2596
-1901 1768
-1739 323
2750 1131
3155 -3190
-5826 4643
6664 -2923
1584 4046
-4945 -4924
6043 -938
-6233 4202
2561 3932
-6821 4783
-645 2236
-2665 -4910
5834 5255
-5 -3567
5875 5756
4257 1126
5739 6264
-3212 -1235
-5240 2304
3342 3844
-1149 5897
-2228 3746
-2541 -961
6800 -1128
1823 7479
-3845 -6322
2216 990
2621 550
-1254 1468
-4164 3473
6076 -1055
3451 -4333
-2291 -7261
2544 -2225
2665 247
2525 -710
-3507 7484
-2819 2146
5209 6505
2125 216
-965 3193
-6293 508
-3756 6305
-5524 5932
2278 -6948
-2623 -1770
2572 2586
4821 -2995
1408 6217
-6368 -3427
-1036 3657
3363 -5690
-5006 -603
3956 -7297
4754 -1419
419 -3711
-5725 -7022
4298 4371
-1865 -2374
2803 -7086
4531 -968
4996 -397
-5882 -6331
4108 3026
7387 5240
-1548 -1149
1398 667
661 -4756
-7436 3469
-4553 -3830
903 -5282
-40 2678
5901 832
-412 -7444
-7402 -3381
-912 -3554
-4926 7058
-2384 6682
-6063 -2497
-4225 -111
3854 -3975
-592 3368
-1231 5825
-663 -6932
-5505 -908
-4714 -6693
-5730 4335
-4731 -977
-2332 2358
5431 4118
-2171 3371
-6935 404
2930 -1819
-414 4367
3184 -5787
3108 5890
-2262 1368
1758 -4641
-307 -52
-4073 1689
6540 5066
-6152 -337
1901 -3382
-2462 -1579
6476 -4530
1392 -3195
6341 1957
4709 -6877
-1010 3148
-3658 -5326
4861 -1698
-584 1452
7171 27
-4337 -636
7475 5443
-95 -2133
3009 1254
-3618 3762
-3276 -7227
1036 -4300
2095 -5072
6357 7288
4385 3567
-7088 -4125
5567 -3246
4401 -5720
-6091 -3683
-5416 -6420
6796 -4829
-4309 5554
6891 -2448
5660 2125
166 -5116
-6250 -6298
-1916 3345
-3870 3293
3134 -633
5712 -5102
2742 3779
5504 5995
-3088 6913
-5187 -1004
-7007 -2491
-4404 -1358
6533 5139
-3304 5924
-4809 1208
6901 2858
3592 -6848
3997 -957
-3679 5983
5910 -5466
-6619 -7495
6000 1577
5799 -335
-574 -2355
4675 2522
162 5687
-164 -5795
-4085 -4513
6241 -1172
-5133 -5909
5371 5040
-7426 3781
3786 3092
-1306 -6361
804 -4553
-3178 -3871
6891 4484
-2459 -7437
-2683 957
1902 -3942
7285 4269
1810 4076
-7211 -7264
-3616 -4572
-5320 2578
-3433 5702
-1577 -3777
1 5766
-593 4323
1307 -6084
3230 -2299
-6021 -6953
6158 -5266
2957 -2705
1303 -1483
-3965 -7056
2224 7286
-3160 7272
1367 4342
5538 -6726
1165 5138
-2724 1325
6554 -6994
6526 -615
-95 -3464
1619 1715
1331 6975
-6326 1486
-2008 3561
1930 -4402
2332 -3345
-4047 2017
2919 344
2791 -3415
-2018 -1080
-3238 3388
6176 4393
1047 7
-4780 -6427
345 7064
-4837 -534
3147 -419
6538 -6018
2162 -4200
5440 -1004
-228 4116
-4111 -329
744 -4180
4447 -1460
-3804 2230
1792 6843
-5689 -5026
3648 -4091
-1425 -352
5503 -2387
7483 165
7265 4853
-6894 5205
2701 378
-6827 -2558
-7450 3648
-5097 794
-1680 6929
-2475 -4733
-7078 4867
-3394 5549
-1198 6807
4779 5827
4934 853
926 -2884
5574 6695
-7024 -3287
782 5419
5310 4888
3468 2964
4196 7099
6451 -891
117 -4762
-4154 7240
5499 -6080
-2212 776
2826 19
-1866 3302
4232 6417
1221 -6606
3805 3541
3141 4001
-7201 -2226
4383 -2412
5971 -2165
-745 -1571
-5049 -3607
-3818 5277
3912 -6832
7432 6996
7085 1153
-7110 -5257
3547 -4400
2744 5540
-4186 -4076
-6353 -951
7364 -4364
-6402 -2813
7323 -5761
10 5430
6521 -6187
-2057 5735
2223 -2125
-7456 1633
-6818 -1630
-5469 -5720
3057 -5646
2372 1920
-1364 1393
-4552 -6324
5046 -3477
5403 -5871
-1398 88
4589 -5617
-6243 4633
5633 5560
3683 -7457
-2137 -6900
4116 -5507
5873 -2162
-6585 -1518
-917 -1274
-1010 -4202
5678 -5581
-4037 5720
4752 -7331
902 5667
-6050 -3102
5981 195
-5625 -5920
3458 -6831
-7361 5062
1620 2454
5518 6886
5053 -5262
7498 -2145
5488 -2720
-3008 3969
-6834 1121
1790 3215
-1831 -4827
-5441 -5735
-6040 -1536
5090 -336
-6733 -3757
-5518 4091
7068 -6956
2806 6442
1602 2942
-4247 -4969
3004 -6657
2195 -3127
1808 3936
-6292 6552
2602 -3662
5218 1385
-3514 7074
-6419 -2467
3243 5118
-7482 4049
485 4550
-3342 1199
3097 -4775
-4597 -6434
3436 6146
6184 -5194
-4515 2033
-2109 -2664
-1259 6775
-5120 -3394
4645 6999
-4448 -7452
-2454 -1899
-6016 6835
-4059 3126
-4137 5345
3174 -5868
6167 3938
3818 4894
111 -4148
49 6303
-3541 3234
6042 4930
-2907 -6288
1343 377
-4882 5612
-3728 -5898
-1971 2328
-6801 -1543
6239 -247
6455 4781
-2655 7009
797 -2536
6433 5955
2529 1557
-7153 325
5290 -5714
6694 -7256
6036 -2391
4050 -3342
-1238 -4057
-7009 7113
7294 6380
-7355 2648
6162 -4401
-3667 -4139
6802 6458
-6182 -1391
-6564 -478
-5259 1647
-3902 -6321
-6344 2694
-2760 6912
-2379 3118
4665 -5353
3015 2843
-499 1831
-7399 5401
-5591 -227
-7238 -6990
6175 1687
-4504 -1099
-7071 -1934
-1252 -3277
6641 -679
-6266 -6423
2057 2505
2032 1680
-7047 3839
2281 -766
-3832 -2948
2751 -2843
-6539 -2245
7280 -4526
-2034 1958
2665 -431
-1171 -1914
-4993 5420
7092 -4972
6538 6647
-2114 2311
-6852 -5421
-3440 6665
3839 6059
4649 4331
-7452 -6083
4222 -6835
2295 -781
-4656 3827
-5544 -5584
5658 1505
-4562 6094
5944 6355
-3254 5339
1793 2603
1683 -4196
3975 -6795
4916 7018
7403 -431
-3751 3843
2765 -693
-5095 2904
6092 6538
4626 -6875
-2161 -7428
-3677 7355
-6796 4198
-7402 4255
1827 2628
-5757 -117
6671 3517
3610 6067
969 7207
-7307 -5814
-7321 -6319
-17 -6260
1825 7411
-7397 -7250
-5462 -5074
-507 6435
-7262 -2845
5321 -2339
-2054 -4409
-3932 910
6697 -4778
-6572 669
-5710 -7029
-3628 -7011
1816 6032
-7435 -2868
6175 -4410
819 -3559
-6978 -6734
5002 1867
-5441 2588
-6514 7091
-3399 -2673
-6265 508
-4517 749
-6634 221
-5055 5249
-6584 -7397
5569 -4766
-2588 1558
-1348 -3015
-3225 -3428
