50
2057 4286
4942 -6372
-6772 2250
2548 -3470
-6983 -708
-1426 -5141
-1387 -6639
4376 921
-193 -6921
3816 6019
3816 5285
1389 1185
7285 2255
-4074 57
-5045 1998
-5438 4512
-1216 7004
-3008 5864
1755 -1608
-5105 -6376
5184 7321
-4017 -3703
-6818 -7140
-3930 6841
-209 -1261
5360 2459
2876 -750
2497 2661
-5995 5923
-4782 2812
421 -2720
6177 -1942
-3215 -4331
2774 -2608
1562 5169
-1484 5598
-3658 -6648
748 3376
64 -4330
2718 7355
-6739 6930
-6333 3638
-1320 -4984
-1201 6537
-6561 1518
1850 -7287
6298 6879
4623 1935
-4952 -103
-1821 -4538
