200
-4735 3023
2876 -4631
-867 -3817
2162 7257
-5176 -5759
5679 2334
-1167 1833
-6789 -1317
6183 346
3423 3785
2906 7475
4685 5114
3487 -6845
-6550 -1544
-4078 2627
2130 5039
4502 -2494
-7092 -3865
-7459 -6077
-4108 1218
2016 -5929
-3948 -6651
-5244 3115
5884 -6561
2313 -6841
-3924 -2281
-6866 -387
1685 4122
269 2635
1430 -4957
-2238 -3940
-1065 1116
7419 -657
4751 -1188
766 -505
-7470 -4718
7419 2435
2483 -5325
4402 868
1967 -784
-7121 -3105
4435 -6486
4009 -1379
-3512 3130
108 5418
5673 -3277
-6021 3460
5339 250
-4696 -6057
6562 -5078
938 -2055
4057 857
-768 5392
-5615 -3866
5112 3852
-5798 5492
-401 6138
-2142 -3892
3611 1846
6738 2571
-236 -3736
-1854 1243
7224 -4014
345 1380
3781 -592
-4845 -2781
-3795 -1936
-3071 -5711
2308 5166
4275 -79
1518 5978
4265 -31
-4032 -5377
3578 7079
3969 -5832
-6498 -3767
4284 -851
-3671 -4639
-6013 4174
-4407 5268
2434 4600
1339 -2509
-4836 5768
-720 4973
3434 -3944
3746 3804
-5466 6863
-3726 -1998
-6014 -1296
3933 -3193
6724 -3713
6892 3509
2936 -4279
6370 4423
-1252 815
-6457 -6318
-2084 2383
-1326 6932
7003 -3194
-4243 -5710
362 7003
-3054 -6252
-2282 7072
-750 5556
-1724 2035
-5137 -2499
5823 -5744
-138 -7389
3829 5084
4535 -4923
-1601 5578
-3740 -4833
6813 -6214
-5400 6317
-1908 -2143
-6893 -2693
3713 -2447
-1445 -6069
-2874 -3342
6988 -5746
6193 -5649
5607 -4132
2459 -2031
-4020 -1211
-4447 -633
1366 -7195
-4528 3111
-2236 -2428
1928 -5291
2930 2535
-484 -857
-1060 5571
6926 -5082
-5271 6414
-3327 -225
-382 -5220
-5505 -5423
6602 -2025
7218 1007
4842 1085
1312 1140
-3585 -4363
-3249 1680
7061 6179
-7434 2257
486 5358
6680 6265
-7223 262
5179 3302
-1111 3649
-3066 884
-2921 -3964
4544 -4946
-3266 4708
3694 650
1182 -1241
102 -4254
5032 -559
-6395 -4436
-1794 234
3326 2237
-3964 -5285
-1613 470
3100 2966
-4641 -6688
-1385 -1245
-4134 2850
5210 -3966
272 -6609
7457 -7126
-3363 -3659
-185 -2258
-595 5521
5476 -4768
6611 364
3799 -2502
-6665 5751
-684 2546
6563 5431
-6199 -5070
781 3616
5129 4905
-7185 4253
5796 -876
4628 -5066
-5683 3295
6528 1223
-7331 -4143
-4693 6780
3721 6606
3130 -4092
-3790 -5054
-7123 -1393
-2297 1159
-5276 -2602
4292 -1295
1156 -4040
-4541 -548
1086 7267
4477 1255
