825
5153 -6155
6350 -3424
6301 -1399
-4505 -2518
-826 -3357
-5406 -1132
-4701 4763
-5773 -5866
-4082 -2647
6425 -7143
6791 1727
-5187 2760
5039 959
781 -4243
4973 5899
-5509 -6022
7244 -6658
-1946 6045
5795 1049
-3973 -2530
-3455 4473
-4810 -656
-6911 -3082
978 -3493
1771 6255
3216 7414
6834 5529
2675 4374
5341 2308
-1017 -5834
707 974
-4355 451
-6832 1199
5349 6464
1101 228
2786 5146
-2798 5476
3342 -2209
-5106 3173
-6850 -4482
-6720 -4781
1784 -7385
-400 3311
-4159 -2559
-1880 2324
-892 6327
2150 2253
5631 -5829
2304 -5168
-513 -4095
2560 1125
-97 -1386
-899 -4254
3905 -7152
-2229 -4092
2218 -1449
4979 -3498
-1334 -2921
-1334 2007
2021 4286
3183 -19
-5535 -2166
1086 -7404
5857 -4110
-5072 -2156
5648 4989
6469 4403
-3897 4422
-7351 -1139
4770 -2080
-6379 5840
-4676 6100
1195 1490
2031 7361
2350 2904
4147 -1967
-4615 6112
-5281 -4677
-2439 -6924
-1286 -11
-1580 3214
3830 -2611
117 -1214
-5688 6619
-3501 -2066
3391 -2380
-3725 6215
2572 -3678
6558 -2897
-3817 1408
-7492 -7170
6941 1745
-2206 -5839
4569 2855
-5263 -4217
-4655 7010
-2151 -1973
-3101 5466
4313 5063
-4063 -6688
1850 6829
4784 -3023
5544 -144
799 -4046
4460 4482
4862 -4180
4812 -4344
5065 -4894
-2683 2134
5462 5906
-3231 -341
-3232 -6530
5186 1168
-2211 2000
5083 1226
-5836 -567
555 6449
-4738 4952
-1195 3561
543 5769
-3211 4207
277 707
-1834 5094
1693 2480
-5148 -2685
-5361 -879
-1715 -1323
-859 3574
-471 3076
-2699 1194
1362 5356
6495 4124
-5840 4152
186 -4933
5122 -6771
-312 -5589
-3711 7465
2618 1955
-3589 -3188
-3264 -1236
2955 -5271
-5161 1337
5306 -360
1383 -832
3848 378
-4208 5509
-2970 3478
-572 -5348
-4440 -2032
2916 5701
-2067 -1966
6508 -6804
5811 -5823
6573 1400
442 -6620
3629 2781
2217 -7213
1273 -3900
-545 -2379
3978 -5900
1982 -139
-3570 -6090
2013 5842
-622 -2571
4043 -3837
3211 -4486
4198 -7125
-2808 -5377
1775 5134
6767 5221
-4104 540
-6178 -5797
5661 -3348
-4197 144
4013 6086
-7094 4879
4428 6137
-5192 7324
1152 -3376
579 -3136
5991 -2722
-2761 2035
5753 -2134
-331 -6243
-5378 -1064
6479 4370
-1672 -847
6074 -3511
-4515 6171
-685 2244
3550 2596
881 -2790
2420 -5467
-7313 -4501
5249 6178
6629 -5012
7065 4883
6706 -766
-2508 181
-2978 2823
828 -4375
-6991 -4330
2273 -4589
121 7038
4039 6660
1390 -6859
-4371 -3745
4254 -5164
-5659 -5753
-6131 5215
-4078 -1580
1546 -2391
-263 -2099
3990 246
1071 -1237
3157 -662
-6731 2130
-7357 -882
-3199 -3167
7138 6283
589 -4756
-29 2430
3343 1340
6498 6766
3517 1306
2376 -4246
-5148 6631
5129 -3139
4821 -2750
7263 -2014
2320 158
1699 1761
-5746 -5830
3043 5098
3010 2041
4364 -5877
1339 -159
1700 3691
5324 5681
-596 -6003
1784 4747
4046 1547
1586 -2934
-3924 -189
-7167 -7438
-4571 -5304
-6544 -1355
-3681 -7235
5441 -3850
612 -5383
-3886 -5032
-3885 -7339
3579 -170
6811 7156
1023 -4947
4265 4842
-4682 7347
-2084 6088
-6795 -7045
3748 -3180
2769 -588
-3028 2080
-932 2966
-5707 -1140
1027 -5832
1413 4144
-2138 -4417
3991 7156
-7149 759
5639 6450
6929 1887
2122 1204
4304 2788
-2953 4134
5802 7044
2172 -4521
-2929 -6117
-6061 1860
-2852 6138
-7191 7241
-3845 -3702
160 703
5130 -2414
5336 -2447
-7398 -7036
1468 2274
2295 4995
-7105 -4400
6661 -2534
3011 -1577
-5221 -7341
3413 -2285
1027 3722
-2544 -3966
-4258 -1051
-1727 -4156
5618 6912
-4987 -4751
-5480 -2156
3123 -3201
4355 -964
2014 -2118
-6356 -4142
6138 2257
-3422 -5620
-6294 -6297
709 -2047
7237 -1723
4814 -3976
1847 1096
5759 2991
4100 -115
7440 -3498
2482 6088
6197 5423
-6675 5758
-4124 4664
152 -322
-3192 5680
-5796 4810
6898 -5097
450 7185
-2496 390
2539 -1161
-3238 -196
5021 7491
-2977 1223
-1467 1701
7482 -4208
5005 -2030
3926 -2044
4007 282
-2027 3677
5487 -6413
2334 3835
1186 5099
6928 2668
247 -2964
2284 6581
5965 -1413
6370 -660
371 3195
4283 -3296
-6677 -6376
2551 3107
724 -6878
-3256 5523
2390 -6053
-979 -2410
-2999 6731
7051 -2920
3794 1669
5659 935
6410 4404
1059 2752
6408 3696
-120 -6715
7434 -5611
-5549 2426
5683 -2029
2031 -758
-425 -5939
5674 -82
-7126 -4065
2466 -2731
-4114 -4621
-4164 -5812
-32 -1345
-6109 -5066
-62 3244
7464 4390
3351 1476
1130 1934
-2576 7230
-2537 6535
3194 1389
-5448 3962
-3094 3182
4748 2168
1593 -2333
-5169 -4145
-6095 -5884
2900 -1053
-7340 5789
-1398 1942
-5339 358
-3857 5315
-6330 -231
-3332 -5712
-3212 -6290
-5590 4990
6300 7121
2674 -2363
-3184 -3361
6914 866
3334 -2947
-7177 -6870
-3507 5807
-1746 4450
-843 4515
-3479 -6630
-7018 -3323
2094 -2881
1188 3863
21 6619
-4872 -4231
-5575 -5175
-1469 -516
-3340 -6115
-3715 -3322
840 1438
3992 7334
6106 5719
520 -7362
4653 6829
-6300 5924
4594 -4190
5552 -1267
4189 -5559
-1509 -460
3428 -5450
-460 6234
-5065 5394
-66 898
-5458 -5949
-6227 -4139
-4198 5170
-6261 3948
-6282 93
-2504 1271
215 -4289
6895 1338
-5050 -7273
2581 -2580
2072 -2277
5909 -5213
-3578 -1282
-7379 5027
-6850 -5946
-6841 5701
-6020 -4430
7173 -6925
6184 -3907
-7142 -3562
-4443 -3198
5902 -6828
-3935 5534
4847 -6280
-4661 7029
-4254 1600
-3177 140
874 -5840
-6323 -5650
-7011 5639
-7405 -4010
-4137 -1088
-4836 1670
-7294 393
-5327 -3608
6210 -759
5090 5713
-1471 1358
-1692 -6989
3512 6752
4845 -4043
5564 4866
-2020 -5693
5173 -1160
820 -7052
-4139 -2390
7184 -1076
-4823 2731
6493 -5597
6474 -6269
-5672 -7344
1618 5099
-4810 4339
1048 5557
4672 1901
5742 7029
-1036 4950
5298 -839
5081 -5257
4595 -6551
7488 7153
-138 -736
1401 -6279
-6934 1096
-6259 486
-4121 5427
-7043 -1230
-490 -1408
-1782 5861
-1756 6388
-1975 -6726
332 7297
-5160 -7008
6134 4257
5317 -1815
-2780 3190
5940 -7384
-5350 6218
-1237 -4433
6188 -1523
-5892 1404
-6099 3509
3302 -2019
-6165 -7176
-1 -866
-4233 7313
-2087 3978
1547 7148
-4674 -3729
-6526 -823
7152 -1753
4204 -1074
-6764 -7310
1633 7489
6201 3109
5232 -842
-5492 6640
-6542 1887
5257 3860
-6983 7088
-6006 -6603
-413 7417
3490 -5153
4000 -7253
-6991 -4973
6538 6536
3462 -2608
5649 2943
3944 3209
-1046 -4190
1546 3634
-1853 3222
6646 -2602
5551 -2574
3030 7374
-1123 -1940
-5139 -6861
-3489 -5236
-7201 -5557
7372 5779
-6995 -1892
7156 -6438
-2991 -5138
39 -4933
-452 1403
-3940 -2995
-5329 -6245
7366 -6147
-7128 1421
2881 -6181
-5790 5735
1965 -6948
-1435 1170
-6201 5297
6761 -6456
-2954 -3493
2439 557
-6879 2903
-3408 -7389
5517 -1496
-7096 -5026
3630 2762
-4999 3746
-5631 5249
-2978 -4168
6027 -2323
3870 5528
-1264 -3048
2127 6594
4296 6104
-4711 1319
-6379 3123
5111 7148
6807 4174
5830 7219
-6402 -39
7119 -1739
-274 4764
-5033 2435
-2174 5618
-5269 -4275
6624 -6153
7453 -7344
7316 853
4367 459
6226 -6320
6853 6486
684 -7331
-3897 -5596
-5368 7280
6211 -3141
-3588 -7086
5905 -118
-3135 5389
6679 5565
-3540 -6015
-6147 -5639
5316 -5215
-100 -5525
-5260 -386
5834 7004
1998 -5595
2094 -6654
-3733 7447
-6936 7170
3388 -359
-3523 3253
750 6522
395 7360
-7448 -3945
-2557 1609
-4955 4315
-7043 6375
-1940 6819
-645 7494
7490 -6457
-6634 4412
1934 3642
-2531 -7028
-6229 4447
5729 -7204
7014 -4379
3074 -961
6651 5461
-5938 -6273
4311 -6479
-522 -4404
7422 7300
6770 7243
6203 7290
5904 -1228
-6005 373
110 -6730
5642 7417
-7259 6985
-6482 -6730
-4743 7141
458 5764
-4233 -775
5231 5611
3357 6419
-6794 -5479
-178 -6355
-6850 5389
-649 3698
-2716 -6757
-6465 -7218
2182 6469
3002 -5756
5940 1749
-3877 6705
-5507 7089
100 5278
7309 -2289
7266 -1499
6413 3819
5449 -6230
3328 3817
-7060 -4819
4684 -785
3950 -6908
5577 4142
-1975 3977
2998 6930
-6674 -7434
-2658 -7371
1989 -5616
4538 4051
3383 -6444
-6785 -6483
-2542 -6198
-2302 -7320
-4821 6516
-4870 -6895
2201 1776
3662 1534
-5471 1534
3555 -5555
5897 -5703
6060 6188
-7449 -6469
-7437 -3643
6175 5624
-3189 5440
1459 -4759
6825 -7114
4257 -7061
-6616 7453
-6216 -5304
-512 7446
-7367 5692
-5314 6549
-6561 -6850
-7239 -5594
-5524 5753
-1979 -6915
-5235 -6682
3243 3911
2389 7164
-3489 -7339
5710 -6812
2135 -7495
-7312 2544
2493 -5078
4878 -763
-7492 1527
-6798 6542
5615 5451
-7441 -543
6043 -5597
-6940 -93
-3020 7430
-4176 7238
-3962 -4910
5905 7334
6323 5295
-7428 3622
6318 2280
-6845 -5443
2127 -5798
7361 -4007
7378 -2730
-6191 -6724
5611 7389
-6828 -6796
-2483 7383
-7163 -7233
1344 2026
6719 -793
5234 -7349
2644 7042
-5119 -7485
-3414 5264
-540 -2144
7100 -2278
5115 -2002
-119 -2594
6646 6638
-6484 -5754
5909 -710
-5709 1602
-2470 -6743
5598 6141
-5626 2079
-1384 -6918
-7036 5574
-5893 -6859
6776 -5779
6942 -7380
6731 -1035
-7218 6468
6869 7476
-4612 1259
-6210 7294
6564 -3893
-3028 6478
-7172 3829
-2102 -724
-6609 -5254
6950 3748
-5162 -6905
5159 -7336
-7308 5046
-6499 -5010
6907 -4121
6140 -6903
-4190 5860
-6528 -6588
-7042 6912
-7438 -7164
7006 6735
5064 -6851
-4825 -6225
-4925 6586
-6568 7470
-1506 6971
2103 7314
-7451 -1244
-4931 -7154
-7494 1102
-6727 -6813
-7044 6742
-2135 7417
6008 -5161
3844 7489
6912 6712
-7089 1835
-3312 6250
-6996 -6292
7424 -6372
-6368 -5157
-6756 -7169
-5585 5311
-7340 -3452
4769 5949
7492 -6520
-7352 6398
-7236 193
5728 6809
3363 6792
-7012 4321
-6931 3385
7053 -2831
-1001 -6721
-2007 -7415
5406 -6338
6175 4145
-6386 -4376
5501 -5876
5917 6375
-1306 -7225
-226 -6761
-3354 6922
-6714 6669
381 7017
2249 7370
6598 7199
6619 7040
-6702 6058
6718 -6317
-6418 7455
