300
4188 932
5718 -5804
-4812 -6065
3782 -3727
6379 -527
3369 4250
-2421 -2852
3042 -4985
-5390 7138
-4893 -2186
507 -6358
1917 6655
-4145 2923
5537 -3853
1895 3573
-1262 -1417
3357 -3044
280 -2603
4744 -3438
-7478 -5025
-5112 3391
-1923 -33
-608 -6380
2483 1502
-6742 -3558
-1831 -7382
3936 -7414
-1875 -1357
-5639 -3838
2291 3756
-1413 -119
1191 796
-4310 -6029
5694 -7066
4386 -2932
1761 -1874
-7040 7338
-3055 -148
-6542 6928
206 569
2223 5875
7039 5011
-2687 -2336
-3845 -826
-7322 -2702
1782 5118
4679 -4526
4766 -7131
3297 -5688
-6697 6535
-1119 -6084
-2839 5693
-6245 1607
4397 1065
7387 -2897
-5866 -6538
-4521 -6327
5974 6644
5189 -5371
4671 -3280
-573 -1047
690 -3394
1927 -2044
3328 4077
-231 -4517
3112 6150
-3100 -7226
4343 -1845
1881 -7408
6720 -6880
-2805 -293
-5917 6526
880 -7443
5671 4922
1038 -5806
494 -683
647 -6316
-5225 1427
-860 5603
-1996 -2239
-6413 -6384
2763 4339
242 5958
-5006 975
6050 566
-7227 3179
1124 -7494
-5412 5647
4928 -5522
7341 4274
1295 6841
5458 -5078
768 3450
-6974 6272
-6288 465
-1260 -4673
-2696 6483
-6214 6150
-42 -1312
-784 -5946
-6714 -510
-3915 1911
5848 4525
58 -5372
-2145 6252
6402 6650
5593 4360
425 5213
6662 951
3985 -774
268 1577
2054 -3576
560 -5308
-4926 -629
880 1790
7277 1667
132 2215
2430 4832
-760 1340
6960 4596
92 5862
-4902 4537
-5926 3023
2250 -6763
2826 5087
-37 -4406
-835 869
5870 -1423
-5587 -6556
-3200 2794
-5913 -3422
3313 -6929
6293 -1757
5404 4385
-1565 4864
-7167 6028
-5421 1784
-5583 -3847
-2693 4168
3242 -1014
-6893 2058
-6568 -228
1779 6803
-2798 3693
-7253 1502
-1013 686
-3068 1152
1258 -4275
-1753 5514
-1037 4182
2878 5648
-68 -4020
-37 -3908
-1000 2057
2578 -393
-3385 -5138
-5835 -5714
-6560 765
3288 -73
-6421 -5939
2360 -6194
-1738 3923
7403 -3570
638 5255
-2660 2068
-2638 -7193
-4217 -5554
-3768 -1506
-2935 -1627
5921 4869
4946 -1648
-2218 6096
-3470 3710
-1290 -2257
5016 -4176
-5834 1483
370 421
5414 -139
-1824 -4746
781 -5610
-4439 4064
-3663 616
365 69
6610 4930
-2706 -3616
-6349 -5260
-6412 -1066
-6663 3971
-4856 5899
-5786 -988
575 2232
-7005 -203
7158 829
-5929 -5571
3356 -2092
-6103 -3779
4 1624
3243 -7493
-4783 -4316
-1493 -7063
1305 6297
1177 -4690
-3942 7188
-5009 -5074
-3145 2336
-6677 -1748
-2590 -2347
-1871 7207
1743 -5933
-1825 -842
-3211 -1668
-2045 5467
1142 -7135
-3493 3633
-4709 -4513
-953 -354
-3250 1585
-3625 714
-3297 2005
6773 477
1703 7368
-6604 -3692
-1030 1752
-783 -4003
-238 -5141
-822 1823
-3065 3185
6172 -4145
-1775 -4653
3226 -6173
-4215 7101
2041 6340
5669 -6486
-7466 6565
3674 -996
7170 1743
4102 3182
-5146 2132
-2133 2841
-2331 3592
-2959 -253
4920 6678
5700 5813
5518 6159
5980 3688
7173 6014
-5895 -5301
3942 5224
907 766
-4823 -2736
-7445 6847
367 6729
-5802 4139
5907 7398
6057 7284
-719 -6478
699 2076
-2402 6611
2122 6284
3497 6404
3058 4538
-1084 -121
2451 221
5 1623
3295 -3992
-6454 1429
3382 -6903
7208 4978
4721 3978
-1784 6632
7368 6571
1409 -5013
-7024 -7174
2366 2928
547 -2477
2789 -596
2913 -955
-358 2370
4140 329
1483 -7286
6846 -3325
3975 7107
5514 4452
-3244 1521
5089 2255
-1043 502
152 5323
6723 -7068
6408 2382
-2091 1812
-1236 -3353
-6499 -3724
-682 -7453
6906 3668
2362 4516
5139 1270
5750 2976
5876 -3841
-418 -5096
5588 -4113
