950
6339 -1366
-2161 -3700
1119 -3034
-7236 5989
5002 6595
-6513 1842
5383 -890
-127 -1825
5481 6776
2085 -2758
-3310 -2615
-740 -2870
-168 -2391
3899 1290
1912 6358
1686 751
3844 7025
-4097 -2537
2843 -3833
2304 6697
-4737 3291
7391 -502
-5099 6116
-3475 -765
-3256 -2538
3977 934
2348 2089
-3084 -5320
7199 -6685
-5177 1611
7174 4009
1214 3518
-5114 4617
-166 -3418
-363 -5362
-4221 -6248
5430 2023
750 -817
639 4776
-2730 4884
-5262 -6253
4670 -4062
3337 -5913
-1881 -5612
1254 6794
3499 928
-5345 3565
3299 -2959
7034 1985
7475 -829
4123 2107
6775 -6595
-3370 26
6441 -3879
3654 -3789
-6495 -2756
3811 -2972
683 -352
-1385 -2346
1536 -1279
-3052 3887
7150 -897
6304 -5699
-5004 -2810
3786 -5028
-4786 6761
4579 -5511
-981 -6291
2015 -2040
-2670 4521
-6977 4688
-5734 4334
568 2449
2834 -1965
-1045 -3130
4256 3403
-391 3906
1358 -1587
-2941 3854
3104 -303
-2322 5818
5311 -5243
-841 -3170
2318 -6325
-6358 -1499
-2952 517
-4311 -1186
-2648 -4891
115 -962
644 6570
3409 -2600
-6175 1870
159 -5965
-864 4718
5390 1092
3268 1920
5762 1079
4178 -2579
-3239 5348
-3651 -5503
-2728 5890
7163 -6524
-6501 6131
15 1643
-3447 2276
6544 -2121
2998 -797
5766 -5366
2773 -4992
-5422 -1459
4429 -7160
-1528 1107
4114 -5915
-1045 1562
5840 -5843
-5089 1965
-7453 927
-5707 -6453
-442 -6840
2690 3611
2936 -6914
342 -1565
-211 -1391
6921 -4937
1117 -6000
7456 4398
692 4781
-1995 -2694
6366 -4187
-2279 -3941
-2530 6484
-3124 3869
-89 -1331
4916 -1679
-670 6459
785 1118
7045 -21
-1595 5687
6088 4179
-398 6058
5679 -442
-5692 5223
3191 -186
1382 2058
-3031 5801
-3061 1345
2170 -4297
-1134 5939
1524 -2952
4898 -5191
-6359 2924
-6018 7229
-397 1084
-2861 4134
-505 -1052
-6790 -4814
-2386 2092
-3904 5945
-7453 565
-4402 3338
762 5268
6541 7129
-4941 6918
3029 7457
579 -7452
2973 3587
-7198 1428
-2828 3793
-1937 4167
1593 -1227
-1795 -1941
-283 1802
-3496 6116
-5133 -398
1954 -5518
-5889 6282
6766 4640
-2408 6197
-3959 7197
418 6514
3284 720
442 -692
3365 -2643
2327 -2541
-5018 -6967
3018 2199
2335 -1625
7167 -3946
5477 1622
-1964 -6948
6835 7088
5785 -1967
-1725 -3659
-3079 -5859
-7449 6748
5452 1385
2437 -180
3375 2527
-3774 263
5115 -6234
-3864 7107
3992 6373
6977 -109
-4916 -6593
5746 1487
-993 -4950
-4627 5141
-5128 5310
-2539 570
-4403 -5007
-959 -3581
5147 2678
2378 2192
4600 -1130
7418 -4571
6261 3904
-3837 5280
-5815 2670
-7170 -2942
311 1555
-5132 -3375
977 -6366
3813 4074
-3873 -4883
454 2669
-964 -1899
4199 -6086
6636 -936
-4420 -3251
-4532 3763
4447 -869
653 -422
-4310 -183
3942 2110
5036 524
-5775 4342
-4307 761
-6472 1590
5197 -38
7279 4549
-3351 3721
5511 1045
2829 -5601
-5931 4554
3506 -3453
479 -5099
3064 -1163
163 -4885
-2105 -528
-7399 -4408
-1713 3517
2831 -1934
6918 -1668
640 -3719
4532 -6553
-625 -5374
4561 2394
6442 -7153
-5679 2006
-816 6198
-312 6848
166 -3565
5172 6619
-6011 -7438
-1606 7370
2191 573
5070 -5934
-5949 -6516
-7096 -5746
-4888 -6550
6128 -6348
-2413 -3177
-2087 2318
282 -598
2380 7012
6882 -5945
-3750 1573
-6520 172
-5509 -4968
3951 -7088
-942 -1783
-833 6470
4116 -737
1493 -5471
433 -5725
-7216 -4686
140 -1702
-6208 -478
-52 833
-5283 -3425
3340 4654
-5996 6852
-425 5620
7067 687
-3565 -6641
-7290 3788
4754 158
949 5691
4248 6545
-4949 6449
2622 -920
206 4126
-1568 -1367
-299 100
-1763 868
-6921 -2
-1539 5333
-992 787
-1662 6551
-2316 5599
-1801 -825
4961 5827
-4874 -4077
478 4651
-5564 -623
-4739 781
-6601 1099
-4426 5016
106 550
6476 -3407
3338 -2129
2550 -5653
-4425 5063
-5167 -1363
-469 3764
-1219 -7181
1993 1543
1100 -5755
-6102 4493
4388 -3733
182 1458
6084 1870
-4195 -5583
-6564 1246
4877 61
-7438 -2441
371 5015
6541 -1053
-6465 -5114
83 -5235
3627 -7170
3476 -7010
-5792 3307
-6862 -314
6368 -5821
7287 -1535
3018 5018
7057 7182
-7140 -3968
1739 -6499
4348 6386
-1329 2582
-6600 5397
923 6695
-6269 6632
1444 7341
-714 -1708
-6625 3486
6694 627
-178 -3953
7144 5895
-6867 -5672
1991 3890
-449 -2846
5281 -3059
6840 -4672
3508 2201
6948 -7355
-3667 4639
6908 4327
-5804 2446
-1504 -3397
-2001 -2514
7103 2641
2644 7486
-7418 -6915
-3277 -7377
-4915 -4431
7376 -6956
-5843 6616
4741 -6656
-5324 5496
2149 5799
-1412 6009
4447 245
3069 6387
7232 3355
-434 1584
-387 1487
1997 4504
-4334 1130
-6568 -5106
-7028 7273
6653 7473
6424 -1371
2094 801
7438 -7406
6932 -4395
-1086 -6491
-5160 -6179
-6165 -5803
-4605 280
-4443 2007
-1756 1101
-6394 -1619
-5213 -2535
-7232 -4013
-5989 -7296
-5260 7372
4088 -2778
1638 2894
2077 -5400
3650 5939
-835 -5072
5029 990
-7276 2195
614 2407
5214 4292
1344 -3121
7365 -7029
4002 6475
-6166 3019
-4760 1815
-5160 -4150
7112 905
-4173 -6942
513 2496
-7015 1586
7477 5333
2031 5229
-3398 -6133
3094 6121
3441 -1334
3341 865
-6890 -1596
7030 -6884
-6556 -2480
4367 -566
-2217 -4833
5029 6246
-877 -6129
-4000 3696
-7490 3335
2941 -7327
2182 -4861
-3883 -5569
-6472 3440
-4759 -2309
-3501 6239
2196 1726
-6647 -1901
-6911 3025
-5409 4356
101 -4299
-7205 -1258
7399 2876
3830 141
4237 6742
5996 -7032
4299 -1806
-3455 291
-6930 -6634
-6964 -2749
-7203 -920
6664 2945
-7490 -2585
7270 5477
2091 4598
-6381 -5638
612 5303
-5747 -6153
-7320 -794
-4641 -6240
488 6039
3309 -558
7128 -6125
-3732 -6524
2288 -1375
-249 -7092
-4912 -2116
-4163 475
5208 5012
-2981 -7305
-4734 4036
4311 -5737
411 -5219
-3120 5519
2811 -1283
-1209 5596
-7463 6986
-5877 -5799
-6455 5300
-2947 -5290
6096 -6542
1406 -3468
1697 -6232
-4629 -5253
2648 7104
-5645 5205
-5458 3311
-5843 5408
-4095 -3586
6607 -4918
-1078 -5463
3894 3661
849 6228
2428 1072
-7211 -6386
-5721 -6041
-6858 -5341
5408 5927
-7042 -5258
5452 1347
4507 3301
1976 2238
-5218 5277
6398 4619
-6483 5622
3345 5402
1170 -7461
701 4105
6268 5610
6046 -6103
5230 -6513
4198 -4185
-2215 6672
-1679 -2093
-178 2486
-7365 7480
4622 -6244
-2566 -3883
6105 -598
-4534 -3593
-5254 -5909
-1783 -2288
-3839 2729
6852 3621
-3739 2250
1553 1340
-6874 -1554
-5771 6706
2539 6375
-3724 7416
-988 6487
4830 3143
-5048 -3872
-6324 -3355
4745 2960
6451 -2533
-5372 6169
6346 7008
-7169 5755
4779 -6614
4689 -6431
4837 -4777
-3323 -5889
-5668 7067
4122 -2761
-6192 -7475
6785 7395
-3025 5440
-329 -7179
-6897 -308
3892 -6153
7418 -7139
-5133 6126
-4815 -6366
-5495 116
1657 -5017
-5437 4898
6487 6286
-6765 -2315
4890 5733
7311 -4331
6881 -6675
1535 2094
6519 -900
-5088 -5963
-7408 -2988
-5507 4480
-6637 7200
3887 1658
-4568 6504
-7500 3483
-4583 -2717
6961 3215
4771 -6909
-5543 -6601
5100 5995
-2895 1793
6261 -7021
5376 -2914
-2443 5093
500 5675
5776 -1083
6034 965
3573 7302
2219 2044
-3487 -5512
1093 -2354
-7031 -4395
-7201 -6818
-4416 5251
5730 -1711
-5118 5040
7325 -5731
5263 -6024
-5779 7185
6672 -6569
3524 -1928
6800 -5056
-6156 17
4129 -6417
-6052 -3189
7249 3957
-3050 -5925
7075 -5328
-6463 6419
4310 -5600
7002 -3995
1369 7077
-5736 -5663
-6986 6844
1458 -6115
-3204 -3572
-4022 -1341
7124 10
-3849 -5069
-5268 4610
-6674 6359
4945 -869
6800 5927
6229 7462
2624 4448
-5344 -5515
-2938 2914
5330 -7138
1152 -7126
-5955 949
-6995 3720
-3332 6604
-7427 -7042
4557 -6037
6540 -6848
-3620 -2560
-6392 -4766
1285 6139
7387 163
-4567 6258
5607 -7251
7165 -2660
-4962 -7209
429 -2527
-4577 -6746
-6742 5246
-4543 -5192
-7331 -7499
-6501 -1651
5450 7340
-3496 -5640
-1462 5657
-895 6760
7156 5341
4369 -7352
5154 -7412
-7173 5176
-5033 -7389
6525 3215
7398 -5071
570 -5518
7323 -7463
-7240 7292
-213 7229
-4278 -7329
-604 7121
-5004 6855
-4413 6546
-6354 -3154
3495 -3509
-2418 4877
6725 -5432
3713 7440
6704 7361
7161 7494
-6589 -3346
7118 5178
4433 -5601
-7246 2172
-5159 6624
6596 5487
4181 5694
-6993 -1509
4382 -6789
6307 7273
-6598 -6142
-4451 -4494
6530 2325
4064 -6926
5997 6375
7179 -5049
-6516 -6742
6431 6154
2993 5860
-6559 414
-4334 -5933
4743 -5849
5679 -7007
5762 5336
-4602 7022
5569 5148
-4863 6774
6857 5159
-6092 4113
-1435 -3391
7097 4662
4218 -7137
6636 -7060
4906 -4191
-7005 -7052
6385 5410
4448 5846
-2089 6719
16 -4469
-6105 6554
-6432 4164
-5976 4054
-4096 4107
1724 5891
4458 -6718
6412 6062
-7266 -7427
4995 5161
-7103 6439
6486 -7197
3166 -5981
-5921 3472
6496 -72
-6475 -6817
5530 6317
-4677 -6279
3926 -4438
-7446 -809
6118 4865
6751 -101
4279 -7047
7089 -1130
-6784 7311
1472 5813
6516 -4605
6925 -5956
-4484 -6684
-6720 -6850
-5699 -4458
810 -6599
-6408 -7106
-4424 5580
7274 6204
-6370 -4036
-4868 7123
6468 -5335
13 6725
-7100 328
2566 3732
-1522 -4009
-753 7438
-7089 -860
6984 -7099
2733 -7207
-5003 771
-3509 -7028
-7407 -4415
7429 4680
-6856 2837
7075 4000
-7042 1258
-5635 -1810
6769 6239
-6207 2760
4720 -1624
-6508 7189
3118 2715
3314 -6389
-6175 2513
4735 5915
-6066 -6590
-5846 1301
-5166 -4122
-685 -2260
2999 -3317
-3797 3455
7457 4084
4925 -4395
-7467 5532
-5103 -4640
5683 7451
-7327 -5805
-5400 7416
1882 -3938
-7277 -5921
-5010 -1446
-6492 6578
-4125 -7473
-5797 -6825
-6767 -7478
-5756 -7203
2061 7232
4866 6880
-778 -918
-6841 6525
3222 -318
6808 -1442
-7168 -1005
5400 6746
4250 -6966
7085 6909
-5565 -6228
3631 5693
-1890 -6892
-7011 -5242
6932 7068
6396 -2720
-2978 7381
3611 -7148
7366 4348
-5384 -7336
2164 -7295
-6823 -1619
4535 -6983
3199 7219
-779 913
4301 5362
-7385 -7188
-6530 -5203
7367 -6710
-4329 -7223
6215 -7181
7481 6839
-168 6957
7251 4567
-3583 -7489
3571 6947
6889 -3836
-7341 6279
7028 6433
6948 -6987
-1557 2538
4503 7186
7242 638
7010 6585
5976 -7392
286 7388
5951 6450
5795 5735
-6776 6932
6776 -3054
7104 -5406
2461 -7464
-6870 -5704
-6228 -6270
-7192 7034
4441 7428
-4138 4407
5793 2056
-6886 -3785
7031 7119
-6824 2479
5713 1394
3859 -6212
7420 7438
7495 2522
7412 -7348
-6233 -4786
6052 -5204
4751 6377
-6193 6472
4017 5879
7250 2810
-6148 -7228
-4484 7343
5497 5934
5596 6031
6680 7478
7206 -6660
6562 2998
6295 -7382
6746 2403
-7169 -6302
-6760 963
-5387 -7207
-5869 -7212
7285 6067
1661 -4562
-7288 3870
4382 4936
-6601 -6480
6217 -3945
5007 7107
-6883 7391
6195 3938
4026 5041
-1281 -6533
7080 -2213
-7444 -4449
-7075 7470
7033 -5540
2433 7428
6489 6283
994 6131
-6895 5119
-5759 -6832
-5953 6427
5975 -7324
-6725 -3667
7348 -6375
-5730 6928
-7096 -2491
-4490 -1770
7369 -7415
-7453 -3810
-6296 -6579
7374 7273
-5610 4233
7249 7230
-7224 2529
-6514 6894
-7068 7465
7319 3621
-4754 7473
2696 -1540
1615 1807
1500 1170
-6810 5893
6753 1300
7160 6017
4606 -2316
6994 -5113
49 3235
5310 5364
6938 7380
-5032 -3554
594 -370
-6147 5914
-4717 2280
-2588 4771
3313 -3631
6369 -2773
-658 5905
885 -6712
-7256 -6794
-7353 -7445
