83 647 61
50 77 52
1 34 52
45 83 46
44 81 27
14 20 9
43 37 16
21 54 50
19 18 34
80 42 29
52 20 21
25 64 35
23 29 51
77 55 40
17 59 39
6 28 37
56 1 12
2 46 9
13 42 47
27 32 7
28 79 35
14 27 9
43 53 18
76 72 3
53 30 44
74 12 42
78 61 9
21 66 48
23 50 5
1 81 4
24 32 2
50 49 29
62 1 10
51 22 48
24 30 49
20 43 25
40 8 3
51 16 39
20 26 10
56 78 8
37 55 28
57 50 35
68 22 31
60 15 39
29 63 25
17 19 31
54 6 31
64 48 52
16 56 32
5 60 27
53 67 17
9 44 7
10 42 21
6 63 25
3 82 9
1 74 21
83 34 4
78 26 13
68 6 15
75 72 42
78 34 29
7 51 41
67 10 35
57 6 20
45 74 11
38 83 14
2 57 26
34 21 39
47 37 16
11 77 19
52 21 36
35 39 1
77 5 40
10 21 9
2 19 48
69 24 2
28 71 35
37 22 46
23 46 48
72 41 12
52 27 3
69 43 41
38 45 3
54 24 39
11 1 12
17 65 7
75 81 27
17 9 47
46 52 50
62 11 48
15 71 52
30 54 27
40 68 47
80 24 16
37 69 33
62 61 27
24 35 5
17 3 33
39 4 30
11 65 52
68 59 32
27 18 29
35 46 12
63 52 10
33 59 8
65 63 21
28 61 7
83 41 30
64 52 27
50 31 35
3 31 51
51 54 8
18 45 34
66 58 7
2 9 4
7 55 42
16 34 27
16 42 29
32 57 30
24 65 4
76 65 35
28 13 34
41 42 30
28 43 3
79 81 20
38 81 21
17 45 29
18 16 51
30 15 30
28 9 7
55 4 45
71 57 33
39 41 47
36 46 22
39 74 20
30 2 14
6 39 34
29 28 24
81 7 29
27 48 31
45 47 51
58 54 31
10 59 43
67 19 43
59 6 47
12 8 22
47 5 16
36 50 39
79 36 3
38 1 43
30 24 22
63 37 37
74 29 24
76 62 33
54 70 16
35 46 15
71 42 21
48 43 1
8 14 33
50 28 41
43 36 45
78 34 34
70 52 47
81 37 52
26 4 34
25 26 34
61 43 29
47 44 16
17 73 51
1 72 28
72 67 50
68 50 47
6 41 27
67 29 50
28 40 17
2 50 24
21 39 25
76 49 5
3 30 12
41 45 52
20 39 21
56 22 8
59 73 49
68 9 19
37 20 29
4 10 38
34 61 21
61 12 42
2 14 52
6 38 27
81 4 14
11 38 8
33 49 48
81 18 46
12 78 1
57 79 36
65 16 15
10 42 28
41 67 29
18 51 49
10 41 15
46 21 30
35 19 24
79 24 40
63 50 40
67 66 15
73 48 16
77 57 6
50 71 10
71 75 1
9 30 19
28 55 43
39 68 50
69 61 11
49 47 40
15 82 2
76 53 24
70 3 40
72 68 7
51 77 9
24 80 44
70 23 18
25 50 41
60 54 44
40 60 10
28 23 8
28 56 35
12 25 38
72 83 42
15 12 6
74 34 22
58 83 7
58 5 31
74 44 45
16 57 19
45 4 4
65 35 4
10 57 4
45 37 19
45 50 25
72 65 39
59 56 21
42 29 37
62 41 14
2 65 32
64 55 20
36 22 26
26 56 7
8 63 34
14 55 4
36 52 49
36 19 42
79 64 15
9 22 8
70 82 10
46 71 24
17 71 4
53 24 49
50 58 36
56 79 28
30 53 34
74 51 9
82 17 50
4 1 2
64 12 31
5 42 40
8 79 51
12 30 46
45 53 17
58 6 34
62 61 51
7 5 42
13 46 52
70 13 51
71 46 17
63 67 46
65 79 41
21 52 1
24 49 42
60 21 12
41 33 40
2 8 7
31 48 19
57 18 33
50 18 3
44 3 35
72 42 40
15 68 38
76 78 20
55 12 5
39 9 36
38 75 12
19 60 30
20 37 28
36 5 18
70 31 27
44 75 30
72 29 51
55 29 14
47 70 43
57 83 5
56 13 42
19 31 39
2 77 51
19 35 20
43 65 40
24 31 51
66 78 32
5 58 9
61 67 39
48 34 46
19 61 35
69 80 29
79 21 44
64 72 39
13 5 25
76 10 51
78 3 7
61 19 41
57 10 41
17 44 12
20 29 31
64 55 13
65 33 21
48 60 43
31 81 18
42 43 43
8 57 2
69 63 4
77 53 12
7 74 41
16 60 38
1 64 3
82 63 35
31 10 24
48 51 16
58 21 39
79 62 6
1 62 20
81 82 27
30 53 43
42 74 44
11 5 48
21 8 8
66 68 40
30 52 13
11 21 47
25 33 51
52 4 23
70 47 43
12 76 39
13 17 5
21 76 25
10 66 23
25 42 20
69 34 17
22 57 27
52 73 5
13 83 28
11 14 42
64 63 28
9 56 24
67 7 44
79 59 36
45 69 47
69 47 44
2 66 11
69 40 30
33 19 21
38 83 34
79 11 22
68 18 41
33 8 2
2 60 9
78 79 2
51 10 51
81 19 39
68 66 37
36 33 5
81 40 18
69 70 30
29 65 6
62 69 22
2 19 43
32 68 27
8 74 5
67 62 1
80 36 47
49 46 1
79 13 30
36 11 4
74 5 1
11 56 7
61 76 40
31 74 12
7 69 7
62 20 47
29 49 18
56 59 43
67 11 29
37 73 36
82 34 41
51 27 16
36 51 1
25 57 14
34 59 20
3 7 30
79 74 13
74 2 10
24 71 29
81 44 22
49 9 1
31 8 27
20 24 38
12 57 42
51 29 52
65 37 1
47 46 42
48 24 25
55 23 31
44 55 13
10 38 2
48 5 34
45 66 27
36 35 6
68 65 52
3 17 4
74 13 38
39 13 33
31 39 44
43 68 17
67 13 20
74 50 10
49 65 23
28 23 15
48 33 14
9 71 41
51 28 3
56 81 3
3 79 19
83 38 45
45 1 28
15 48 47
23 50 19
72 40 52
29 67 29
49 25 15
56 52 39
56 60 12
74 76 5
41 69 31
16 11 42
71 69 34
12 42 45
30 28 22
25 48 37
75 57 16
16 25 28
38 80 31
6 68 32
83 79 43
65 60 7
15 54 27
67 47 52
1 13 14
24 20 16
11 67 28
70 15 12
37 83 47
70 12 5
6 58 9
26 82 10
22 75 31
44 68 38
49 37 9
31 13 33
25 20 4
31 9 17
76 67 18
42 66 19
58 60 25
10 55 25
46 81 41
61 29 14
81 32 27
77 7 8
52 42 9
39 9 33
6 46 6
4 60 26
27 75 5
29 26 22
34 14 50
62 14 3
45 68 13
18 36 45
19 43 3
35 11 30
16 70 6
54 73 11
17 2 31
45 37 46
45 16 21
15 65 28
82 14 40
16 4 27
25 38 19
33 71 1
64 62 40
24 35 13
76 12 10
17 12 17
65 70 2
22 6 22
12 3 2
12 51 52
64 56 31
58 51 8
20 17 46
30 75 40
65 71 48
11 45 3
18 26 10
46 25 10
5 69 19
59 9 14
13 47 27
60 31 21
23 47 24
22 45 17
15 64 22
41 11 20
53 69 6
67 75 34
25 32 26
20 45 25
2 75 47
12 9 39
8 31 21
35 58 38
78 41 31
18 58 35
8 83 27
7 18 14
23 16 20
48 83 29
10 61 48
56 72 3
19 21 36
14 62 31
78 26 22
11 44 34
2 83 12
42 69 10
38 26 45
48 18 42
31 58 24
44 55 41
44 73 10
46 77 14
25 36 1
62 59 43
27 2 30
36 75 5
58 49 30
11 53 45
11 25 5
74 64 49
31 46 43
20 43 46
20 36 32
12 32 46
37 3 13
57 1 8
10 52 26
78 57 27
44 70 41
43 11 6
52 74 4
69 55 49
72 83 10
73 83 52
19 68 47
42 49 11
21 81 20
16 70 11
51 35 22
51 67 2
81 34 41
80 46 52
67 63 48
59 21 52
55 22 2
22 78 46
72 14 42
21 60 33
62 78 7
75 26 13
19 81 20
54 64 11
53 9 4
28 61 4
43 56 45
51 5 1
37 40 14
14 80 46
26 4 42
19 27 38
51 15 12
1 41 26
77 10 12
15 58 1
61 9 48
17 27 48
77 80 6
80 6 11
67 79 6
18 17 32
59 50 18
55 9 6
32 68 51
51 32 45
75 4 15
52 5 15
57 60 43
3 68 26
6 65 22
4 48 51
83 20 15
45 23 44
18 62 34
26 12 1
11 77 9
16 82 44
4 67 39
19 27 28
9 43 18
21 2 4
34 60 46
64 73 4
47 78 19
62 38 40
11 20 24
2 25 14
18 60 49
37 28 17
75 47 9
48 29 2
