151 1111 8
71 55 8
64 133 4
131 107 37
43 54 21
30 27 5
57 17 19
86 106 39
4 94 6
67 25 44
121 90 54
92 32 32
76 81 64
73 33 52
113 71 46
85 94 53
1 62 32
82 99 29
52 49 8
20 149 32
43 50 37
65 3 5
117 7 13
24 47 21
31 14 33
127 65 47
133 139 29
84 111 17
19 25 9
37 120 52
64 72 49
22 14 38
21 93 50
143 99 58
68 81 27
80 108 60
107 144 42
58 32 39
70 125 9
5 13 4
131 117 55
117 24 16
42 112 9
145 88 34
33 101 60
70 11 54
121 122 43
45 142 30
18 60 29
129 90 43
132 34 1
120 80 49
22 99 46
23 63 49
59 79 25
20 24 28
105 79 54
41 108 9
15 137 41
32 61 34
125 128 30
71 18 6
126 40 49
70 83 31
83 21 30
117 151 7
53 13 55
19 104 22
81 76 15
1 59 27
65 32 51
94 129 31
75 51 59
93 32 42
13 98 46
56 88 5
72 111 5
88 65 62
39 42 12
115 111 37
32 123 20
108 144 30
105 98 51
65 125 57
96 95 55
148 75 30
137 69 47
32 132 26
109 135 62
10 12 28
64 87 1
118 24 48
55 103 27
140 61 28
141 102 50
4 83 34
113 18 20
14 62 37
56 25 29
107 40 54
104 73 63
141 11 32
10 40 51
36 126 7
34 88 58
81 117 42
26 118 23
140 92 25
29 116 50
22 51 44
29 70 26
133 44 13
140 48 9
49 145 26
28 64 4
98 138 12
18 25 60
32 126 30
131 85 35
29 144 18
2 41 17
18 116 43
113 56 11
150 22 10
28 121 54
39 136 10
130 91 13
82 125 31
101 52 41
113 45 61
74 50 62
58 6 6
23 107 64
84 147 59
96 71 43
67 128 57
51 19 47
133 47 31
43 42 25
64 118 24
131 24 58
23 54 40
109 9 31
5 52 12
2 130 46
78 75 40
104 128 10
101 106 31
102 13 19
51 69 2
50 27 25
44 32 1
53 149 6
3 72 53
116 9 61
140 118 56
94 82 62
8 98 31
24 13 26
27 57 36
146 23 51
124 89 13
46 53 61
103 101 60
28 64 49
107 105 22
146 149 33
25 31 33
71 12 41
129 45 18
97 78 29
103 150 29
110 28 1
132 98 29
116 108 58
69 7 47
12 91 28
137 21 64
67 101 52
59 33 52
62 138 29
48 20 37
59 122 55
40 68 20
114 137 35
25 44 51
50 18 57
63 76 24
9 22 57
10 122 32
53 148 31
54 151 3
109 119 2
130 126 44
106 55 58
68 29 25
9 88 43
98 53 13
132 48 40
107 134 48
33 63 11
79 14 24
142 66 41
92 14 11
37 112 21
109 20 55
93 109 20
108 136 45
84 49 4
89 130 7
118 48 53
101 14 36
118 85 15
13 129 1
88 99 32
82 14 18
123 97 55
56 46 4
50 100 4
47 100 46
144 30 11
76 124 51
60 130 34
64 46 51
78 45 45
8 89 57
73 135 2
47 69 19
50 117 56
109 57 45
33 54 10
106 4 56
61 86 52
128 100 46
131 67 41
47 48 10
125 148 25
1 31 7
105 7 28
29 119 43
129 16 3
67 138 57
14 49 22
129 8 44
71 65 24
85 84 54
126 106 34
44 71 16
41 132 33
81 149 18
4 34 34
138 68 49
43 21 34
41 88 63
146 9 28
39 64 48
98 78 19
7 52 16
54 127 25
58 71 28
142 31 52
68 131 41
2 81 47
28 125 46
148 104 18
62 39 63
20 83 16
63 150 2
25 138 21
19 42 46
9 73 24
24 110 58
76 94 44
115 116 34
46 93 52
135 97 37
69 5 19
144 4 58
42 56 4
45 47 8
21 97 8
89 86 49
122 69 31
72 58 61
145 4 2
117 61 4
133 134 11
88 33 28
24 76 27
58 97 48
74 49 17
147 86 4
33 43 2
29 48 54
148 19 63
151 25 48
131 100 7
90 37 25
73 11 26
122 49 26
105 22 27
32 102 20
53 83 35
137 66 25
144 86 36
69 96 31
83 94 9
83 40 13
3 30 18
119 133 59
23 5 39
137 83 9
102 128 51
99 122 3
63 45 55
7 103 22
122 97 3
53 86 10
3 38 23
148 5 12
56 98 37
103 108 51
133 39 3
126 31 8
63 109 3
67 142 10
65 132 19
92 47 34
66 39 10
14 106 5
81 23 2
67 39 43
60 99 37
12 98 23
117 62 54
123 90 19
102 96 29
147 2 23
46 110 41
2 143 10
19 110 42
99 82 7
67 124 35
85 29 7
47 110 43
48 61 22
105 27 18
132 6 60
151 83 32
54 28 10
11 10 60
136 112 25
15 128 23
144 103 34
147 96 64
126 44 8
111 20 5
115 14 56
143 69 61
94 27 6
70 33 16
14 66 5
115 82 47
20 25 54
4 15 52
6 14 5
34 39 40
66 64 60
42 142 51
5 76 47
76 89 37
53 110 12
109 58 53
132 87 27
136 92 11
82 96 27
134 99 6
140 133 32
145 118 49
95 97 43
27 53 32
117 21 51
28 139 45
123 37 6
138 77 44
66 74 43
21 47 20
37 47 58
21 65 34
34 143 37
102 51 23
79 100 46
109 104 60
73 145 34
149 134 14
22 42 33
61 84 48
68 28 18
67 102 58
44 55 39
132 36 23
129 22 23
73 31 21
121 41 25
128 109 32
142 72 27
17 56 16
64 121 4
116 103 54
97 84 60
107 110 8
13 119 1
32 103 18
10 14 50
37 99 23
48 45 4
112 126 56
3 39 36
81 57 28
150 85 8
74 149 19
102 128 23
89 101 15
5 59 34
70 54 14
130 16 18
65 131 46
149 6 62
5 124 48
107 87 61
15 26 2
72 111 39
54 21 56
8 117 57
51 75 62
32 17 64
57 59 52
132 23 10
45 10 19
73 13 10
125 49 23
34 129 64
63 22 40
76 49 45
55 88 5
76 2 57
24 28 57
69 28 28
60 86 60
130 71 55
109 95 63
27 55 18
123 32 58
17 3 11
55 123 27
17 47 63
39 71 21
120 53 50
138 61 37
59 91 3
91 4 36
122 77 2
72 17 4
150 20 42
86 46 41
124 102 46
72 5 50
121 34 7
31 117 32
14 120 29
144 113 41
142 15 31
113 150 52
79 150 11
31 112 26
65 37 12
136 44 63
113 40 3
51 56 5
37 50 2
135 151 43
41 42 60
69 75 33
8 122 8
120 11 51
93 144 11
10 57 58
132 64 5
136 141 29
90 112 53
73 126 45
85 44 29
86 10 20
114 138 23
136 12 14
30 81 37
4 31 58
51 59 55
2 40 21
137 118 61
151 82 9
81 61 40
28 85 14
53 57 9
69 123 20
136 63 45
18 15 64
22 87 47
109 86 34
79 39 56
126 79 8
83 144 22
80 35 60
91 137 39
61 120 26
137 11 1
11 86 60
57 3 35
113 111 15
143 25 17
56 135 26
142 135 22
128 49 55
138 97 61
8 59 59
36 54 28
70 130 6
41 39 57
109 117 59
48 144 57
98 57 31
81 34 21
81 83 56
135 45 45
61 51 2
40 140 56
149 11 20
94 65 31
24 137 38
52 71 4
24 23 18
75 50 28
132 8 28
31 48 18
147 51 59
126 13 41
142 36 52
83 136 16
74 2 64
132 63 36
71 119 55
81 32 33
29 117 57
133 9 5
42 131 7
12 2 49
69 90 48
4 14 26
70 151 48
92 96 1
78 10 33
61 148 51
7 31 22
137 60 15
17 50 57
135 141 2
137 36 11
103 76 22
119 20 47
31 71 12
127 49 10
61 71 29
9 87 64
122 73 11
69 151 20
125 6 29
85 22 13
119 10 64
112 100 52
111 92 41
43 117 23
87 57 45
66 25 19
92 3 8
81 13 26
64 37 24
47 104 16
74 19 59
82 115 38
55 74 56
138 113 44
37 90 16
150 105 48
50 113 62
116 73 37
18 82 64
140 65 17
37 21 20
145 2 40
40 85 7
129 67 9
151 38 34
77 72 1
121 32 57
128 67 28
64 17 64
27 56 53
33 12 45
81 129 47
38 44 30
35 127 38
4 51 41
109 147 19
121 92 23
134 49 39
98 61 50
113 132 8
70 5 41
128 133 21
2 79 51
115 26 31
38 44 18
142 2 20
107 51 16
82 83 16
70 108 32
78 40 43
14 74 40
43 109 9
2 148 42
21 40 28
11 53 45
99 54 45
110 3 47
126 13 49
142 135 52
74 128 20
123 98 34
99 108 46
107 138 26
25 1 23
89 22 19
68 130 9
73 131 34
46 29 28
96 19 23
33 64 59
124 32 15
62 70 7
3 145 33
119 50 3
75 104 33
101 51 28
67 43 44
110 19 17
122 100 62
14 119 23
148 95 6
36 122 31
32 28 60
68 91 9
11 94 8
5 48 42
118 76 8
86 98 12
112 17 58
125 29 54
77 49 29
55 37 56
17 132 53
58 141 22
44 50 25
79 12 40
60 84 21
79 71 52
7 72 23
46 67 58
42 47 58
19 69 54
40 129 18
77 144 52
107 30 16
1 108 1
116 69 38
138 71 27
61 29 54
91 143 21
59 17 25
51 139 22
96 122 34
58 144 61
47 15 32
41 33 44
73 3 34
64 128 34
41 114 17
51 92 56
2 8 5
136 69 60
81 66 60
33 59 22
124 4 59
91 47 62
114 119 17
16 76 34
92 36 33
1 80 40
24 132 27
128 90 26
41 31 12
150 12 2
75 13 35
77 78 41
74 49 21
130 88 36
124 98 21
74 48 32
103 97 23
105 8 48
145 71 41
10 64 54
27 101 25
51 38 15
60 35 33
150 64 27
4 41 17
138 92 28
151 104 8
76 98 8
52 26 45
110 65 55
47 3 58
146 30 50
115 30 52
95 99 30
136 138 54
58 7 48
144 21 17
67 118 29
143 89 29
62 118 57
127 37 15
134 97 44
130 47 28
27 20 33
149 55 54
109 83 42
4 5 40
4 96 49
18 116 42
53 79 40
41 43 49
7 46 37
101 135 26
146 116 37
97 118 20
41 76 44
85 142 37
101 56 51
111 97 12
33 101 43
36 126 5
25 136 27
8 100 61
147 149 22
101 12 45
41 48 13
41 138 10
150 20 26
99 82 43
117 32 62
13 36 47
111 2 39
88 53 41
27 74 9
137 149 45
130 81 15
132 94 3
63 38 44
58 135 30
32 51 38
149 77 27
106 133 13
128 45 44
59 4 40
73 118 34
93 143 26
49 112 61
134 94 31
116 3 4
104 6 13
20 67 42
110 87 28
68 81 15
109 29 58
66 79 42
115 28 36
63 56 18
58 18 64
92 146 56
149 127 28
106 76 24
25 128 19
12 100 31
43 58 26
142 112 45
99 48 16
39 33 2
133 4 62
39 18 61
44 121 26
111 69 27
105 119 39
147 127 56
116 65 30
94 128 4
1 65 40
66 43 24
43 117 1
62 91 53
50 34 15
103 33 22
89 80 17
79 97 53
10 117 10
9 81 3
131 140 29
60 118 61
46 93 58
128 64 11
11 46 35
125 57 17
66 44 10
19 13 30
66 42 19
33 104 5
83 121 51
118 70 50
105 126 6
143 91 27
77 58 6
71 145 20
29 115 27
116 66 1
136 55 50
42 2 15
57 21 21
21 33 59
98 75 33
112 92 36
93 96 55
94 34 12
12 62 27
140 6 36
119 68 37
120 31 23
100 39 63
71 139 60
22 137 52
131 147 29
12 93 13
40 58 18
74 129 28
43 101 55
11 42 52
119 90 40
141 26 37
84 141 3
70 122 42
49 93 39
13 81 60
94 41 41
84 4 10
141 146 51
118 90 8
49 23 21
28 88 55
139 91 31
85 113 61
114 133 44
20 46 43
96 55 25
82 100 55
68 55 42
81 136 42
1 138 28
18 101 42
144 16 28
70 107 32
144 112 20
6 3 36
135 125 30
102 28 52
21 140 44
76 35 60
128 46 33
29 8 28
74 140 55
113 33 22
13 57 9
5 127 2
18 35 51
8 26 28
42 52 56
12 117 51
104 82 26
57 43 13
110 99 25
7 38 34
51 103 5
7 61 22
113 64 19
10 4 22
28 46 1
107 116 63
30 97 55
95 9 9
14 30 59
87 57 51
82 59 46
31 8 53
56 113 10
28 134 39
9 55 52
150 54 44
128 82 56
25 31 14
28 111 53
66 6 6
5 26 43
108 101 64
104 32 46
41 107 56
75 69 30
52 108 3
37 4 21
82 150 51
129 90 44
9 73 28
86 99 37
100 91 32
118 65 42
83 149 26
119 28 54
41 107 20
75 59 47
120 10 44
49 77 63
110 17 22
3 69 53
42 5 8
41 107 62
54 10 38
56 107 25
5 95 44
1 23 23
119 14 10
44 57 45
70 43 20
29 54 34
8 7 53
50 95 55
111 33 9
147 106 25
76 53 19
77 24 4
28 5 54
148 9 3
114 142 38
35 150 4
2 115 7
49 136 28
86 65 25
102 21 47
12 54 15
116 56 62
27 7 46
14 146 11
18 103 44
56 67 31
134 132 22
110 20 33
8 73 13
124 100 28
57 60 9
118 10 6
35 135 50
113 72 25
58 88 21
68 72 32
75 36 7
5 28 11
135 120 7
79 6 25
90 64 44
135 83 28
148 26 22
88 10 35
134 146 8
96 29 12
112 56 5
119 5 2
25 47 31
79 126 7
108 130 20
78 41 60
55 106 43
94 39 9
76 19 63
65 83 5
130 97 38
25 93 3
146 125 49
125 99 42
71 75 35
71 129 13
41 146 61
67 141 37
53 140 57
136 139 40
57 115 31
12 96 59
146 97 7
5 67 25
124 22 60
146 35 13
42 56 7
31 125 17
83 107 57
141 56 45
70 43 7
107 108 44
78 111 12
30 52 29
143 73 56
23 120 16
135 15 45
49 68 53
71 34 49
103 93 34
80 66 35
115 46 27
6 37 1
2 22 30
33 91 58
37 121 36
7 120 40
61 33 18
151 147 14
51 44 14
132 16 59
145 1 24
97 32 61
60 10 23
136 151 54
128 127 47
146 71 28
19 31 10
62 33 39
10 26 57
82 63 53
56 120 11
60 55 24
86 95 27
67 140 42
102 90 61
65 14 24
24 14 45
44 21 38
32 83 37
67 139 53
73 145 46
4 131 27
98 74 53
113 56 41
142 14 8
131 64 22
122 25 41
103 138 45
43 82 8
48 51 19
77 31 3
47 29 53
30 10 31
93 122 35
15 35 61
147 139 15
17 125 2
80 98 60
121 19 42
27 86 4
53 97 64
113 41 32
82 12 34
125 149 22
41 105 12
117 141 22
59 49 6
48 145 39
122 100 36
104 74 10
72 31 29
99 123 28
120 134 42
139 53 39
87 8 28
88 60 53
149 54 38
25 45 51
51 68 28
38 56 21
19 29 40
