192 3727 116
8 83 40
79 21 41
55 136 46
53 69 33
96 190 69
49 43 22
184 26 45
181 55 38
76 192 19
5 160 59
18 153 73
78 56 5
19 25 28
128 172 9
24 187 38
75 71 57
90 46 31
132 69 20
128 89 21
44 66 45
12 4 16
169 57 3
157 127 61
60 26 53
31 112 49
35 187 41
34 60 45
90 114 43
98 127 29
132 43 67
100 130 25
169 175 73
13 105 64
9 26 17
13 25 56
72 103 34
188 150 49
142 90 2
45 148 66
35 115 54
171 83 57
61 63 57
7 127 50
94 80 57
62 29 4
172 1 48
183 129 23
76 112 49
131 71 39
90 182 63
104 96 71
12 152 22
60 190 37
82 109 45
125 158 71
102 35 65
110 65 6
140 85 30
105 35 37
131 115 50
66 94 9
49 187 60
25 48 36
191 58 10
37 90 10
63 109 9
104 15 24
47 78 48
105 16 41
133 1 52
82 132 14
107 9 48
100 38 28
119 63 58
97 160 66
74 38 10
74 92 71
148 87 46
135 124 39
88 109 61
78 68 55
132 103 32
16 8 37
154 139 19
34 112 18
30 51 17
116 155 55
88 74 4
86 38 67
143 21 38
111 96 11
183 167 1
94 184 3
56 81 3
21 15 5
115 47 51
98 143 4
189 168 55
184 92 38
142 135 7
150 96 41
180 183 1
167 5 67
129 107 18
64 36 19
150 115 2
189 69 58
148 14 50
9 27 14
2 21 39
160 165 26
99 37 32
115 91 40
162 133 71
39 21 62
27 40 15
46 36 41
98 6 12
35 172 27
116 110 14
183 71 27
7 62 62
132 135 34
38 52 20
36 40 27
35 25 27
188 154 34
2 133 41
128 22 66
74 104 24
185 89 1
159 128 45
48 165 11
15 174 32
76 181 46
25 109 39
140 171 23
59 23 34
89 26 62
189 99 38
45 52 37
159 179 13
74 3 44
161 55 1
139 82 20
31 189 61
162 82 59
62 130 10
41 47 73
146 34 14
113 36 30
93 115 57
105 187 11
105 29 25
62 6 17
95 113 59
19 125 67
42 23 6
87 16 35
168 62 52
74 164 62
77 3 70
15 49 50
167 63 15
151 106 55
100 181 67
70 125 44
143 88 49
182 126 43
79 86 36
154 81 34
109 14 42
109 25 53
33 57 21
157 61 10
78 92 31
164 12 40
76 134 34
138 192 39
156 143 32
87 60 64
173 155 14
163 183 14
79 129 2
90 165 10
89 177 16
38 172 68
38 23 40
157 107 8
163 103 51
115 187 60
178 153 40
40 127 68
42 72 40
95 58 11
117 131 15
69 11 64
187 101 32
86 129 56
28 172 14
44 135 22
109 16 2
45 188 19
82 98 50
96 155 51
17 41 12
91 105 64
11 99 16
41 129 43
49 10 59
151 132 32
120 17 22
185 27 17
46 178 53
75 92 8
79 119 12
12 136 31
22 151 31
61 95 71
123 146 1
114 189 44
99 145 18
166 50 43
102 158 34
99 152 56
51 165 27
60 130 24
97 139 12
92 47 11
74 41 63
90 67 16
101 176 2
83 191 35
124 94 57
177 53 60
87 136 49
2 191 53
50 33 52
5 79 15
117 178 48
26 85 47
157 67 30
4 91 38
102 131 53
13 147 34
106 27 67
94 182 14
152 177 21
161 42 17
63 14 48
191 176 19
48 103 33
54 44 38
181 74 44
43 159 30
115 13 5
142 67 19
87 178 9
127 84 49
6 106 66
60 1 70
185 124 35
156 180 3
99 19 68
101 35 34
178 143 57
27 138 1
136 135 26
148 121 21
165 123 35
67 125 23
174 118 13
96 18 12
2 126 23
95 157 24
2 93 25
168 183 13
46 16 53
23 179 13
7 172 17
38 161 28
72 44 28
122 169 43
77 2 63
67 44 38
137 169 5
33 41 42
171 172 16
19 96 54
122 162 44
164 112 64
59 162 66
45 115 59
50 164 63
84 93 34
91 110 8
152 64 64
83 160 71
89 16 67
157 14 33
189 37 48
75 104 56
7 98 18
34 191 11
163 51 23
141 139 36
148 164 22
69 23 67
119 118 52
18 8 50
64 1 38
11 171 42
140 77 46
67 60 23
106 132 69
75 135 48
7 169 54
130 124 3
116 108 23
88 183 20
46 57 61
168 16 46
1 123 9
9 45 33
111 63 5
67 107 17
191 90 38
158 164 8
131 74 38
134 178 11
82 157 54
133 97 50
124 131 21
91 26 9
185 107 4
77 19 39
109 121 32
53 170 53
158 94 56
178 108 18
153 107 7
95 80 55
160 59 58
38 9 8
191 88 56
69 77 65
86 162 32
141 114 45
80 118 67
62 33 57
23 24 32
16 174 7
40 37 49
94 154 32
143 11 23
59 150 29
132 136 29
55 4 16
138 61 41
33 51 14
169 24 41
129 19 34
114 191 55
170 16 45
130 109 23
168 50 30
183 179 32
24 135 15
76 20 72
144 123 8
100 69 39
185 152 63
95 155 47
25 19 28
139 103 58
47 70 32
150 94 39
141 118 61
7 54 36
104 151 49
150 124 66
101 12 29
131 166 65
38 148 15
127 139 70
8 48 13
183 22 64
150 16 27
91 141 8
136 169 13
69 99 39
52 42 40
71 78 62
58 161 12
54 127 62
8 119 51
47 79 68
86 171 24
129 190 66
92 191 34
160 67 68
119 20 55
129 153 23
30 52 73
5 173 32
2 169 22
28 36 1
65 116 24
144 156 12
69 2 30
135 11 42
189 157 56
107 189 52
161 172 68
121 52 56
47 57 5
165 82 22
22 185 48
47 121 56
26 40 11
91 71 11
52 60 67
15 97 48
36 128 35
54 39 30
138 187 40
4 68 66
54 120 46
126 86 26
110 10 15
47 106 48
123 147 25
32 116 54
127 46 56
185 156 25
162 57 49
156 142 31
45 91 27
191 14 3
175 59 47
63 86 37
91 102 13
45 74 39
81 170 51
50 161 23
108 192 32
143 34 23
63 84 21
155 29 73
49 4 2
60 21 23
50 141 3
7 147 15
134 57 19
68 122 41
189 21 72
31 17 55
162 70 49
182 149 27
92 116 23
65 82 9
126 32 50
90 78 1
92 39 12
39 67 13
120 58 23
28 137 37
135 22 59
54 20 44
151 68 8
144 103 18
116 115 1
177 98 62
130 88 61
7 73 72
24 150 59
75 28 40
15 67 59
53 87 66
97 84 46
103 66 69
132 31 56
108 191 48
63 38 69
111 14 40
171 16 13
30 19 40
174 36 12
142 187 14
32 27 11
56 117 10
154 182 44
143 93 18
22 181 63
71 38 68
115 32 4
128 48 52
75 170 43
56 153 34
92 89 24
117 17 56
155 103 21
149 73 40
57 93 52
40 111 43
111 178 57
8 67 43
188 174 56
62 152 24
114 176 53
44 27 61
151 178 14
103 150 62
192 61 35
127 13 69
83 119 6
134 118 53
161 88 47
129 32 19
179 51 34
65 63 49
100 80 61
18 111 25
152 73 10
178 18 50
73 107 21
53 166 70
12 44 57
157 176 57
141 189 35
104 83 56
166 106 35
77 74 54
104 113 19
72 117 31
98 66 71
2 62 31
64 39 43
32 132 6
41 46 47
101 171 19
28 188 27
136 46 56
129 120 23
58 151 28
61 36 4
113 174 45
182 68 59
184 4 8
43 36 48
40 89 56
154 59 62
114 122 67
111 50 32
51 128 15
148 28 8
146 101 31
137 9 12
114 35 45
58 180 11
42 76 1
142 38 42
131 35 70
174 40 68
48 37 35
60 13 24
114 135 59
153 167 64
56 96 1
122 80 6
143 111 53
159 147 64
55 57 20
47 134 10
155 55 61
168 158 65
77 142 20
150 132 47
122 128 28
190 149 59
120 69 71
145 38 55
153 115 21
176 9 63
1 92 10
43 55 28
192 182 52
179 20 56
68 22 18
115 190 1
119 170 16
113 92 26
181 67 58
51 110 20
32 114 46
128 77 1
147 59 62
141 13 30
74 43 62
11 110 12
184 167 11
17 168 47
163 23 19
171 127 61
52 174 23
161 113 6
52 109 7
108 126 60
96 58 35
23 75 32
113 184 24
70 35 42
71 5 12
159 3 14
74 8 64
27 156 41
91 174 12
75 122 58
187 151 12
30 146 59
98 139 12
107 95 59
188 159 38
185 48 61
155 1 14
69 170 48
68 164 1
97 113 37
63 94 69
160 126 29
121 120 28
95 24 8
45 72 29
74 66 6
95 186 28
111 160 69
13 185 50
184 178 27
64 165 49
170 140 8
46 177 26
27 75 6
45 77 67
32 18 62
137 68 52
46 186 46
8 84 5
71 152 63
91 45 3
185 168 18
80 106 7
72 120 58
147 101 16
129 169 9
104 172 20
137 146 53
116 115 32
55 187 64
108 75 64
111 135 27
80 145 67
58 69 69
85 162 14
145 151 44
110 97 70
41 81 68
141 159 48
94 11 32
85 102 66
45 183 55
183 152 34
94 54 33
172 142 56
162 154 59
121 160 31
9 7 39
45 165 27
20 40 72
108 62 54
106 133 28
184 155 15
151 162 72
1 71 49
87 79 35
185 177 32
158 153 27
172 132 3
187 60 41
134 22 19
186 36 63
27 106 46
36 129 30
156 139 27
165 146 73
163 83 56
13 68 38
35 160 68
171 121 38
158 69 25
162 97 13
142 140 15
65 91 58
65 2 32
14 103 6
35 100 29
8 79 29
163 76 66
17 28 37
10 93 60
128 99 46
34 73 30
137 110 26
143 184 11
54 141 46
65 167 59
35 157 48
63 18 62
135 7 46
20 177 4
127 55 48
163 154 20
111 61 50
65 163 12
108 154 23
33 16 31
89 61 1
116 83 33
66 45 69
141 56 6
95 142 54
113 183 7
178 15 53
69 133 47
41 97 71
125 18 53
110 13 19
90 101 73
87 86 11
142 45 32
92 178 61
98 68 67
7 191 12
7 24 13
148 154 70
55 42 30
37 42 39
163 179 32
64 102 57
112 60 4
42 87 22
106 134 7
108 9 27
171 16 50
73 5 41
63 23 68
53 106 17
39 157 2
42 61 6
157 107 51
20 108 6
153 49 10
12 36 2
151 129 67
33 122 70
148 91 50
88 182 33
108 10 28
46 152 30
70 106 71
167 7 44
19 113 23
117 20 44
16 163 29
192 113 56
146 66 8
141 176 15
113 170 31
111 52 50
151 88 48
22 58 49
133 141 26
39 73 28
180 11 62
84 70 59
84 22 20
36 180 55
75 89 53
125 182 21
191 134 72
52 186 36
112 60 22
24 89 4
25 84 36
137 45 7
157 172 29
168 113 6
66 108 61
92 178 71
85 188 56
37 79 41
90 151 51
39 47 24
51 62 51
188 163 26
177 56 52
111 8 33
94 80 3
11 51 57
6 8 64
102 38 54
164 27 71
191 5 24
103 128 22
29 55 72
71 90 47
110 75 65
130 155 64
98 144 47
164 83 31
104 42 28
188 148 27
110 13 72
78 192 68
32 10 35
89 141 57
174 83 6
139 143 54
184 83 62
189 136 53
87 169 29
82 20 67
179 157 39
53 124 17
175 30 61
157 58 32
167 69 57
37 62 61
32 151 24
183 142 20
5 3 65
131 1 14
10 137 8
146 142 35
83 23 20
29 156 60
115 95 21
45 146 54
17 89 37
117 130 41
17 60 21
15 52 45
128 86 48
164 9 27
35 96 4
20 131 5
31 181 65
162 161 32
23 185 46
127 190 37
143 77 38
171 188 54
185 34 42
26 63 51
79 164 14
139 153 64
42 73 54
112 101 38
138 137 70
186 178 50
89 21 53
143 10 68
153 174 56
103 86 53
40 180 2
121 97 41
98 94 59
13 107 9
22 159 42
70 36 8
152 131 58
95 123 41
24 7 56
165 64 55
54 19 11
92 187 40
185 129 15
103 122 58
7 5 30
95 14 66
146 141 7
24 176 33
125 119 18
44 27 5
156 61 54
114 182 9
110 2 10
36 5 29
72 111 44
38 81 37
46 49 28
129 147 39
134 15 44
129 42 61
127 139 14
44 64 70
99 43 69
97 6 73
76 73 39
12 160 9
21 113 19
146 43 37
78 39 39
120 85 17
104 185 63
27 137 44
20 68 20
141 123 65
141 39 60
108 29 29
171 123 66
173 126 29
123 64 11
30 26 22
180 48 28
24 120 12
88 129 52
167 181 72
59 170 46
125 153 44
82 158 23
176 3 47
164 149 38
164 23 45
107 88 52
147 30 42
145 2 30
11 154 61
147 78 4
191 151 38
188 69 42
186 157 68
92 10 11
124 18 1
141 77 41
45 18 34
143 76 56
177 4 62
149 104 15
161 15 25
70 2 36
79 95 66
3 31 67
136 150 42
23 151 6
71 136 6
116 130 56
25 93 38
1 93 21
103 143 71
128 81 10
92 9 27
56 185 27
18 71 52
172 85 65
24 109 44
116 118 50
112 154 70
66 91 39
170 177 64
132 66 5
71 125 29
184 181 70
128 183 14
160 8 38
54 130 50
168 116 16
142 97 28
115 126 55
62 78 42
100 50 53
27 55 43
106 29 33
149 25 52
122 191 73
8 12 38
35 163 34
130 162 47
44 70 60
74 33 60
65 74 35
122 9 72
191 6 2
47 67 72
55 112 44
152 93 59
164 154 23
49 128 32
189 10 67
67 176 32
166 82 54
171 135 62
165 83 51
28 144 25
94 36 29
8 14 30
15 182 39
143 96 20
106 12 37
92 181 49
115 171 6
51 17 68
7 125 61
61 74 72
172 188 28
69 154 17
5 83 35
109 31 18
134 36 43
69 156 64
7 108 33
180 148 22
34 178 44
186 134 40
40 8 28
76 13 36
141 127 37
96 84 32
181 26 51
10 136 27
185 126 68
13 140 44
134 45 36
103 99 48
159 70 48
87 124 45
24 14 44
135 57 39
100 155 73
158 21 19
164 121 32
41 126 66
76 121 6
12 142 11
190 80 43
189 157 36
145 189 34
138 73 46
88 188 68
25 42 48
10 59 64
150 26 5
158 73 28
38 151 26
137 83 65
179 37 17
34 49 70
84 63 11
191 129 4
141 27 73
94 80 54
130 42 68
153 181 49
165 82 59
14 32 62
183 116 53
166 5 36
179 11 26
168 105 68
40 190 26
44 92 54
182 169 61
40 73 5
148 75 68
56 91 27
43 15 43
25 23 25
58 124 46
52 78 63
123 142 66
172 140 11
51 174 14
107 113 72
83 172 24
178 17 60
14 16 61
129 19 27
84 24 40
166 190 53
91 66 62
58 153 25
147 20 21
109 163 70
33 60 39
154 60 18
164 130 5
129 19 7
64 63 51
107 53 28
104 110 66
84 176 53
175 101 15
159 128 68
19 60 59
109 122 31
6 64 20
31 145 38
111 75 10
154 119 10
85 19 49
26 8 68
82 61 62
182 145 6
180 84 71
164 114 61
33 107 26
174 70 69
98 35 10
97 35 33
73 86 16
49 59 39
183 80 30
24 137 26
33 90 1
41 134 38
180 47 70
145 57 46
84 27 13
145 86 59
77 183 19
167 157 67
98 159 70
104 164 50
103 192 33
182 21 11
54 44 64
147 181 47
148 49 65
32 97 20
107 114 30
16 57 64
173 62 60
35 93 36
89 50 2
125 129 16
20 132 11
76 58 5
104 14 2
97 114 20
147 174 1
160 180 27
99 68 41
158 6 28
46 152 6
77 119 33
150 64 72
95 78 69
191 142 51
90 192 45
73 88 1
63 168 1
177 144 63
143 88 22
13 168 4
57 61 1
85 30 62
34 65 31
25 128 54
189 154 45
26 178 45
50 80 11
21 105 50
71 55 25
68 26 52
116 120 45
13 55 57
39 30 22
39 78 47
52 171 62
110 114 44
19 117 54
43 155 69
65 68 14
108 51 64
181 19 57
68 128 72
103 101 42
44 98 45
105 4 29
114 187 32
183 65 24
69 119 32
159 116 48
102 154 52
28 105 9
101 106 30
96 168 17
112 44 28
116 120 34
82 166 6
89 48 59
38 185 28
106 48 47
181 88 11
32 85 19
54 82 9
149 79 22
84 98 73
117 112 16
124 167 13
173 30 73
16 57 30
39 57 9
188 80 63
188 127 28
179 37 6
189 1 24
84 166 65
73 125 47
77 1 14
164 98 3
17 94 13
139 70 42
86 84 54
114 116 2
107 57 16
40 77 37
24 12 25
41 64 69
63 66 67
12 25 32
43 79 16
114 159 28
27 176 23
37 79 4
10 137 35
21 68 72
156 150 16
47 32 70
101 154 33
134 153 30
32 177 52
73 176 7
131 149 69
158 85 63
97 170 72
16 34 13
71 172 38
107 163 12
24 69 54
126 114 12
46 108 34
47 110 35
155 95 50
43 83 30
26 124 14
121 89 14
40 54 57
72 79 10
136 16 71
124 174 47
24 93 72
79 92 71
36 62 63
4 83 13
56 164 44
98 76 9
137 157 28
73 157 66
47 182 54
30 135 21
165 150 44
5 15 57
168 6 71
21 48 66
46 118 18
49 30 38
105 94 37
70 179 12
90 148 14
145 146 70
114 83 20
75 163 21
163 110 23
11 12 20
88 108 3
149 150 61
142 87 62
39 54 41
171 96 59
136 62 70
136 52 73
72 188 30
175 6 16
174 72 36
76 83 60
24 15 58
120 55 21
92 58 16
125 39 32
63 41 23
80 175 43
77 43 48
68 152 71
171 84 69
7 12 13
50 107 61
10 13 5
126 108 32
122 63 61
136 35 41
178 31 17
150 84 50
179 22 55
17 146 45
116 176 58
144 118 54
22 188 54
180 81 2
136 166 5
18 2 20
64 129 57
145 131 60
36 89 3
96 14 35
4 139 39
126 52 68
192 9 48
155 90 39
81 67 52
119 63 4
112 178 44
184 158 57
95 56 65
158 16 64
3 173 1
143 126 4
41 39 46
72 8 24
156 25 4
57 38 13
110 135 34
32 2 60
13 73 71
83 167 11
7 147 53
133 192 68
55 177 37
73 152 66
5 101 61
94 1 58
9 48 15
57 111 9
177 176 1
176 175 20
115 145 55
153 119 52
124 153 46
115 91 55
168 87 12
26 148 15
105 21 41
136 153 28
191 35 32
97 163 20
77 84 28
184 174 9
12 84 53
167 115 25
184 176 22
59 139 21
155 113 40
126 156 28
85 146 36
112 82 14
170 143 54
57 122 21
35 22 62
29 176 21
68 87 67
146 154 54
59 168 17
175 112 50
108 104 40
113 86 48
122 88 55
26 155 24
18 20 63
131 23 73
113 173 64
164 186 42
167 61 71
87 56 20
60 189 14
109 124 68
185 139 40
25 87 72
158 134 53
138 174 28
166 108 61
159 52 20
169 135 30
74 16 1
99 133 23
13 162 57
81 36 55
141 129 18
35 127 62
18 94 61
138 186 51
116 167 63
79 75 20
134 150 17
186 36 51
166 139 34
126 30 7
91 108 28
59 58 45
139 96 7
15 109 23
104 55 65
55 28 51
41 27 41
95 51 1
175 118 57
192 129 37
106 169 5
63 146 62
149 166 46
27 134 13
70 115 30
140 144 6
47 131 57
71 48 24
50 139 38
94 80 6
188 77 42
102 44 12
30 170 25
175 50 37
39 7 67
32 179 59
55 8 29
112 65 66
82 106 11
111 52 4
67 160 24
158 149 26
134 25 4
97 51 19
28 114 66
119 12 25
124 71 37
151 53 63
128 114 2
28 24 1
75 4 36
155 72 10
74 175 55
9 50 30
66 131 66
85 82 71
126 115 14
65 76 27
120 176 53
60 162 70
109 9 73
145 183 16
43 59 20
136 3 46
158 137 42
183 19 57
7 68 53
6 137 41
178 27 68
165 8 66
110 47 40
137 178 22
45 143 7
125 177 45
151 35 50
164 182 60
123 58 66
9 127 6
94 171 62
178 50 39
46 50 60
186 50 60
42 176 20
56 134 63
125 73 46
128 160 13
49 101 20
98 179 58
68 167 2
40 87 45
151 17 27
17 135 25
83 27 36
3 189 56
92 56 52
64 163 18
165 45 49
70 135 20
131 69 41
73 165 21
42 109 20
33 105 26
190 138 21
136 158 22
81 174 49
123 151 28
56 168 30
105 168 14
26 104 30
78 81 51
44 133 11
180 153 49
55 93 59
17 87 12
88 85 18
9 34 17
169 187 62
84 91 16
65 33 45
147 167 27
127 19 14
138 181 3
39 190 44
53 49 51
51 109 28
17 7 16
191 24 9
42 129 20
138 125 41
105 189 18
164 184 36
148 90 70
31 121 59
5 157 25
172 161 33
96 164 49
50 186 44
31 30 28
184 100 23
181 20 23
23 87 16
43 140 2
82 167 20
42 147 41
157 135 54
55 68 65
118 93 58
90 73 25
95 13 31
123 134 47
142 64 21
144 119 73
10 19 54
72 61 73
47 187 47
131 168 12
36 65 61
189 35 48
115 119 14
144 168 4
122 106 1
44 128 69
97 188 55
96 166 52
52 180 28
11 53 56
107 93 38
164 112 4
44 156 10
115 44 32
137 58 24
38 65 61
183 14 16
178 1 43
133 168 50
13 184 44
126 30 64
90 55 11
111 119 14
101 93 17
22 51 50
122 1 22
158 92 19
16 99 14
190 187 63
20 79 46
174 11 42
172 44 28
120 86 40
66 103 3
62 2 54
175 14 17
112 126 26
16 116 36
94 79 36
86 188 29
91 188 14
65 185 8
26 55 34
71 15 60
117 113 9
53 36 68
124 20 58
32 65 15
192 16 40
69 64 44
120 76 17
44 169 3
119 152 1
59 130 46
139 156 73
33 145 42
92 62 14
22 43 39
51 133 33
69 175 8
174 1 55
63 40 70
116 88 29
187 138 47
12 189 22
12 57 28
34 18 17
177 9 43
47 77 38
154 32 8
162 76 19
45 151 13
172 61 44
132 141 28
58 172 14
7 46 59
105 145 58
28 156 61
27 149 72
147 17 69
127 46 72
164 73 44
126 12 44
27 33 65
17 117 59
69 112 36
160 177 37
157 56 50
103 132 27
45 2 64
101 8 33
114 132 23
7 124 22
128 73 67
136 155 37
174 138 62
26 150 50
99 185 61
23 96 5
78 189 8
104 169 40
173 132 19
19 158 70
191 86 60
99 153 60
113 106 20
12 2 65
122 9 71
80 40 44
97 123 71
2 101 22
9 165 43
77 126 65
3 175 36
9 172 9
144 189 31
93 118 67
9 56 43
177 153 64
144 105 67
138 97 7
154 134 29
191 71 8
80 100 34
61 47 38
184 87 34
90 150 64
101 40 70
191 120 49
88 127 59
189 169 11
186 95 69
129 134 47
87 164 5
1 62 4
106 185 72
50 182 29
37 172 36
98 11 28
47 12 14
4 98 18
36 110 8
41 24 15
162 88 62
46 152 36
174 140 66
25 49 55
68 127 11
36 130 35
155 133 1
23 28 49
40 132 49
187 129 65
153 150 18
7 56 22
2 119 45
127 67 46
78 113 57
130 81 62
97 12 57
185 176 19
4 52 28
113 70 29
76 82 64
189 108 42
47 31 44
122 6 16
183 46 33
144 101 4
14 62 6
146 113 36
156 1 35
114 4 26
69 91 58
144 182 63
37 54 54
20 129 4
118 82 16
152 35 28
50 165 6
157 95 25
37 2 15
189 122 51
91 163 41
158 95 57
139 26 23
82 164 39
143 11 23
109 42 62
43 50 52
159 96 60
87 14 18
99 65 19
169 141 57
99 54 16
9 1 17
25 64 7
8 162 43
117 100 37
77 183 58
150 139 60
149 179 45
25 32 36
150 114 10
65 4 44
12 114 61
35 108 32
142 57 68
20 34 46
17 21 63
99 124 32
139 51 72
155 117 33
167 128 41
95 147 40
43 6 30
114 50 37
144 102 51
9 138 60
115 40 54
25 119 33
17 95 27
12 133 12
119 149 1
42 126 15
175 48 70
172 146 16
128 181 71
140 126 2
87 91 18
9 32 60
144 18 42
7 67 33
90 9 26
45 146 51
181 163 3
106 170 17
28 156 50
20 106 53
1 39 19
1 111 53
126 171 28
157 48 15
177 82 44
154 187 21
155 192 57
191 182 30
53 137 1
31 122 31
86 148 62
27 157 16
42 57 67
111 53 28
28 32 30
171 104 34
12 3 38
139 133 59
82 143 19
136 108 51
82 83 31
182 131 43
187 120 9
149 89 72
169 135 23
81 158 36
178 62 8
128 163 20
7 128 73
90 142 48
28 113 46
124 132 22
20 46 23
134 21 16
115 173 72
97 67 59
171 142 12
60 149 59
18 55 53
176 9 20
156 102 1
142 152 18
59 93 24
105 18 62
82 40 38
15 154 15
153 30 6
149 89 58
85 161 55
91 133 42
60 86 71
130 147 43
167 81 42
30 151 28
178 161 63
114 118 37
145 106 44
87 6 4
168 148 13
53 153 16
66 179 16
51 139 45
64 125 7
67 15 4
7 130 24
180 150 1
18 118 73
134 185 52
99 15 58
37 133 46
169 72 61
37 51 19
67 128 10
161 66 12
33 78 44
147 187 42
182 87 9
25 47 2
79 103 51
147 105 13
9 41 26
18 160 67
64 50 67
149 175 64
93 133 17
43 76 22
92 69 39
67 44 28
78 40 3
103 174 30
126 119 42
100 127 44
156 144 68
22 3 28
43 60 73
9 106 61
81 170 69
17 161 12
100 182 59
111 1 45
156 74 24
58 5 33
115 116 47
128 103 31
159 178 71
142 59 54
162 89 3
188 139 49
75 146 62
55 174 67
92 148 54
13 74 47
2 20 29
126 131 39
29 2 58
17 191 46
153 98 31
42 25 29
82 98 69
182 55 6
71 102 58
66 129 45
111 22 40
98 15 55
53 117 33
8 117 3
160 62 58
140 37 2
191 53 43
182 16 2
5 186 66
182 49 23
185 69 7
71 144 48
6 46 59
191 6 71
117 147 43
167 14 17
81 166 34
32 76 70
103 138 50
52 24 36
166 56 41
119 67 45
90 126 57
72 57 29
107 189 73
91 16 10
152 126 20
23 97 69
17 20 19
56 27 64
141 83 43
27 46 63
188 160 28
32 169 61
58 137 11
84 51 43
176 91 35
67 135 18
46 149 17
65 92 11
5 126 69
32 148 63
40 162 60
39 84 69
113 35 61
47 60 62
26 167 24
187 163 40
24 149 23
170 100 18
65 21 38
191 148 4
101 151 68
128 183 49
104 93 66
9 5 33
69 10 38
9 5 12
153 139 32
34 90 25
135 105 45
110 46 36
190 135 3
74 79 15
191 10 65
45 59 2
150 66 24
26 76 3
23 90 41
37 27 53
16 144 5
76 87 40
147 48 7
93 191 15
139 144 27
22 138 53
29 27 34
166 134 59
3 112 33
14 54 72
11 183 40
57 87 36
116 183 11
162 83 47
16 126 67
30 22 56
170 51 18
54 3 1
56 89 9
21 101 57
120 170 49
122 31 40
23 27 62
124 128 50
48 35 53
149 152 61
148 166 8
7 150 43
64 53 8
3 137 26
72 111 16
89 134 52
69 149 60
170 179 19
32 112 40
5 59 24
189 9 20
143 59 3
21 35 64
98 95 6
78 142 6
4 145 71
141 18 57
166 180 38
6 50 24
114 88 40
192 60 45
129 98 33
165 23 20
98 143 45
166 70 62
97 62 35
11 54 29
111 65 12
139 147 8
188 41 69
10 31 52
168 176 64
40 122 63
147 76 17
90 152 18
117 161 25
74 31 16
165 70 38
175 188 67
153 147 25
62 26 55
24 180 72
86 88 38
109 97 44
155 59 4
158 91 17
119 169 46
142 119 20
15 100 43
49 163 36
61 176 55
133 185 62
115 149 33
19 97 67
186 89 16
62 116 22
28 185 19
166 191 47
191 152 20
75 121 12
29 178 62
71 151 66
88 41 34
21 176 18
131 173 27
33 40 38
127 30 13
78 172 44
84 106 24
172 164 29
38 32 44
94 73 40
168 181 55
114 172 34
79 76 46
107 36 45
31 19 61
4 74 61
3 43 41
158 61 18
97 23 69
167 70 34
19 21 23
16 74 16
14 75 64
99 109 15
163 76 15
14 18 51
7 126 42
79 42 72
110 150 24
156 34 57
7 102 73
46 144 20
106 32 8
37 25 16
71 16 24
158 126 5
104 66 26
6 148 52
7 166 40
60 121 20
50 154 42
94 31 60
79 62 52
123 5 2
6 141 63
24 107 29
94 4 17
187 109 13
53 95 51
173 28 42
4 117 45
170 34 36
120 78 67
24 149 19
100 62 27
153 76 34
143 181 19
108 10 32
165 128 16
42 164 9
20 162 1
34 151 62
128 180 2
11 185 28
152 151 51
21 63 26
87 164 61
89 66 45
37 24 12
6 124 73
90 82 73
118 188 62
161 131 14
135 98 53
32 31 7
140 188 36
147 71 8
4 92 7
168 129 50
189 114 45
176 42 7
52 138 5
55 52 60
68 87 29
131 99 21
8 182 15
56 11 56
85 23 21
131 139 2
70 169 57
128 116 71
65 101 40
47 5 29
174 105 59
185 16 49
18 159 17
59 183 47
125 64 47
53 134 63
171 189 28
58 56 3
41 30 52
11 114 39
46 88 27
141 186 73
81 27 10
174 84 58
34 47 70
66 134 66
186 70 18
58 161 51
34 49 52
185 112 12
70 59 42
15 43 12
108 43 10
180 96 73
10 188 61
80 174 29
192 99 52
33 165 19
36 33 14
157 30 23
115 9 44
64 42 40
56 97 66
66 69 36
178 7 40
72 105 32
59 120 64
39 30 21
54 5 47
135 87 52
9 186 18
112 170 19
10 91 47
98 158 6
128 167 45
144 83 23
124 70 24
62 13 57
87 179 64
76 129 30
178 15 43
137 190 20
183 96 63
10 49 22
100 129 63
42 15 13
102 190 30
40 165 3
51 157 14
107 29 31
192 100 21
88 32 6
121 40 39
177 25 72
75 81 19
106 55 27
117 161 30
62 2 18
66 62 70
164 192 38
170 69 51
120 93 53
140 122 44
164 146 6
53 70 50
2 167 42
65 136 30
71 16 44
190 140 34
34 7 36
129 81 67
4 143 71
55 46 39
33 13 71
98 156 27
122 189 40
159 116 53
182 12 21
154 34 58
70 84 59
148 36 46
11 24 29
137 111 49
119 53 49
77 183 15
51 70 46
73 22 66
172 160 27
22 82 64
10 56 70
143 29 3
11 62 32
183 92 7
74 92 39
4 113 22
90 77 52
93 173 31
78 153 10
155 1 42
4 33 53
182 107 37
106 167 8
191 175 57
53 18 67
126 169 22
5 174 9
175 129 59
79 110 22
14 19 37
107 127 31
42 158 38
38 90 10
139 162 49
75 73 50
134 31 25
123 74 59
71 90 36
19 4 9
36 107 1
93 59 45
60 50 16
56 80 20
149 109 25
163 105 12
63 118 36
81 58 38
133 179 15
102 6 25
35 81 26
77 58 43
103 188 37
152 74 4
26 68 14
113 164 38
87 40 70
16 98 56
42 76 24
165 71 17
17 170 35
136 157 29
101 23 65
142 87 23
93 77 6
6 31 53
119 85 34
73 59 43
168 135 19
71 104 26
69 28 38
39 127 49
27 46 21
32 24 59
158 181 9
15 159 16
188 93 12
126 152 18
179 63 56
122 165 10
115 87 23
132 74 69
186 140 10
45 182 49
55 54 43
56 125 59
106 187 47
26 133 6
69 78 12
81 104 33
104 150 52
89 189 25
190 182 36
7 173 67
52 46 69
41 40 28
167 134 73
180 7 5
167 148 8
101 130 61
25 47 3
103 18 62
127 1 45
53 16 43
161 11 5
132 106 38
149 56 55
14 168 36
37 19 31
176 44 72
59 62 14
120 142 17
164 58 14
87 11 48
77 109 9
76 154 27
134 144 49
181 13 72
25 186 40
46 175 39
23 177 62
135 92 41
16 7 63
49 82 19
103 191 14
68 15 6
35 163 20
61 172 33
1 131 28
13 132 51
149 52 41
41 192 40
87 90 27
2 30 35
11 43 14
138 107 50
30 7 35
168 94 2
77 15 39
163 141 9
112 172 47
43 156 20
132 110 19
74 185 72
130 113 1
23 44 17
173 167 32
84 128 59
121 18 8
174 81 24
135 8 73
66 39 19
41 116 73
3 149 51
14 60 15
99 95 52
41 14 21
56 129 48
5 33 62
50 124 18
28 127 14
91 85 63
76 143 33
28 64 30
12 106 60
82 104 53
56 151 71
99 68 47
124 73 60
24 96 73
74 125 61
173 189 71
122 82 33
189 8 25
185 33 31
18 123 35
188 135 29
152 124 15
85 182 64
122 50 56
53 51 65
132 184 43
162 120 3
94 16 36
115 64 29
51 24 62
185 75 12
55 84 69
76 21 21
130 105 61
168 40 70
178 91 17
176 60 5
154 105 70
42 142 2
8 23 35
164 187 49
118 82 37
59 30 30
162 69 40
102 185 58
128 148 49
79 138 48
177 15 17
150 110 41
50 25 57
40 34 61
40 134 54
120 88 50
60 50 43
32 192 12
80 21 18
61 163 20
183 164 21
177 95 69
114 41 64
149 97 39
85 28 19
29 71 54
186 161 68
63 141 38
117 141 72
191 122 66
131 53 38
58 100 44
37 188 40
128 173 64
112 121 3
116 90 15
19 40 45
6 88 61
64 171 14
78 55 12
86 173 6
45 175 59
126 116 13
119 173 66
121 84 3
8 39 36
190 35 53
63 155 52
132 113 18
106 62 21
58 63 59
159 111 27
125 101 2
110 97 71
1 92 37
129 43 13
118 23 63
51 135 59
41 57 55
76 14 26
42 76 20
177 90 19
30 76 18
111 79 21
44 38 13
101 69 43
36 47 25
85 118 44
58 152 25
17 53 14
8 5 43
18 139 8
6 32 21
113 158 22
55 161 64
136 99 39
183 22 20
109 143 62
100 89 13
144 83 17
78 100 71
37 12 24
135 40 62
3 90 24
51 169 8
92 184 27
57 40 68
136 191 60
159 13 19
125 29 8
51 179 50
149 137 11
14 117 31
2 96 37
59 131 60
127 2 55
137 174 11
144 77 69
30 10 72
173 171 31
46 49 58
183 148 37
187 4 21
153 142 61
167 176 16
176 105 9
11 10 38
176 162 68
1 31 8
52 89 14
43 106 44
107 69 37
119 51 54
98 157 17
184 45 21
72 78 61
184 156 45
104 192 14
162 166 53
35 27 70
128 39 59
63 78 23
78 65 28
168 24 55
123 68 10
109 130 4
42 12 36
72 160 57
27 186 24
108 148 13
82 164 61
67 2 44
186 113 36
52 181 54
170 177 17
164 82 63
4 122 37
165 79 7
105 81 41
67 87 54
55 20 49
171 50 66
130 111 44
80 32 14
114 143 40
163 93 34
12 139 22
72 171 13
157 180 56
107 111 21
156 34 1
16 179 32
26 120 44
18 4 4
137 153 21
157 24 30
52 106 6
184 155 14
81 21 30
176 62 52
191 98 56
94 170 40
22 92 30
192 156 45
72 23 60
68 122 10
66 6 70
120 121 53
10 118 64
156 120 33
46 118 31
159 81 68
34 148 27
3 23 14
127 93 58
105 85 47
106 186 22
51 128 67
155 127 52
174 118 16
29 98 46
173 103 56
152 43 9
175 97 40
29 47 48
117 107 24
68 13 16
116 18 4
174 121 45
126 24 68
89 5 9
135 152 44
28 146 1
130 85 26
191 183 45
122 15 12
52 87 24
157 147 49
187 71 10
95 110 2
126 66 14
189 47 58
192 101 69
90 11 33
42 192 73
132 20 49
166 151 62
161 54 6
69 57 72
64 39 4
32 12 68
98 57 12
148 49 61
88 97 3
79 110 42
71 135 58
95 48 52
114 10 71
35 75 10
9 85 25
46 121 55
151 109 51
69 64 21
50 54 47
136 17 38
93 134 68
183 146 63
55 36 44
63 48 69
4 8 5
145 25 43
143 3 66
163 192 61
131 162 59
66 111 37
138 188 20
176 184 25
67 56 30
188 152 5
72 170 71
42 138 53
22 24 23
95 166 4
61 81 70
56 44 26
89 182 40
87 49 65
50 118 8
147 48 71
149 169 12
72 185 29
137 146 23
136 171 60
20 81 46
128 87 69
39 46 42
167 112 73
53 79 57
171 9 2
29 77 38
64 173 49
184 28 70
129 71 28
54 164 67
99 134 26
95 115 19
72 88 71
106 19 72
77 86 62
106 62 19
69 160 2
112 162 54
121 114 2
154 149 46
74 31 15
176 146 64
187 146 11
179 142 25
20 57 68
15 183 35
124 88 26
104 17 14
142 39 13
126 186 16
30 155 33
75 72 65
109 15 70
144 18 47
49 120 15
111 35 26
113 43 63
5 26 43
149 147 71
36 186 64
80 116 31
75 113 10
75 138 66
30 5 53
66 119 29
55 111 55
51 26 22
113 13 50
188 98 49
111 188 65
5 41 34
45 19 43
149 108 6
187 135 35
138 102 7
123 116 11
136 162 43
135 40 50
54 9 39
84 3 24
192 188 5
96 97 28
149 94 62
50 47 60
49 119 35
39 84 32
120 5 29
129 144 11
104 182 7
46 85 13
140 165 6
142 75 10
60 179 62
22 21 52
185 102 27
166 130 45
1 64 41
71 21 33
28 180 31
171 103 28
81 127 50
10 162 44
138 15 65
64 60 48
192 113 42
160 84 64
138 158 73
178 15 59
12 10 42
82 91 31
54 30 34
139 57 16
97 85 57
131 133 70
114 15 73
137 37 11
154 31 4
25 85 42
94 184 6
13 10 40
118 117 31
95 132 27
79 174 11
183 152 69
109 139 34
130 72 10
40 135 14
65 131 71
157 148 1
73 60 55
101 74 36
88 156 14
67 94 60
92 155 40
154 153 14
164 51 16
108 31 25
120 51 58
49 162 19
190 141 48
164 178 37
65 30 60
50 17 25
39 79 57
5 41 43
2 124 58
145 107 5
25 27 59
162 40 16
183 91 43
120 83 47
155 99 28
58 137 58
186 40 28
166 26 51
104 18 68
102 111 36
85 89 69
41 139 69
19 46 53
28 167 55
140 55 16
182 16 69
9 76 56
36 75 47
123 113 57
20 68 15
171 27 28
42 154 69
98 69 47
51 168 40
168 101 54
183 40 19
50 60 64
46 17 10
172 142 56
81 187 36
92 46 42
82 150 4
130 36 71
16 117 2
29 188 36
177 43 12
34 104 30
85 102 47
155 177 20
168 71 26
35 131 50
105 134 16
30 88 45
30 62 20
98 85 20
107 5 71
31 62 64
135 189 54
70 130 50
110 130 17
13 66 25
43 32 59
178 79 36
167 50 46
31 109 23
25 111 9
51 49 62
183 190 10
90 62 48
152 119 5
135 62 11
25 187 23
152 185 31
28 31 24
106 191 26
109 2 61
104 3 69
156 103 20
189 76 56
31 139 30
143 113 31
97 123 19
128 135 33
78 151 73
177 26 67
4 25 70
88 178 54
124 110 6
150 17 32
92 95 54
136 157 29
39 84 14
119 29 27
115 99 55
151 93 35
140 132 15
84 122 51
175 152 41
94 180 60
155 6 25
72 170 41
49 112 44
134 57 44
63 49 60
100 128 23
178 102 6
132 80 39
139 163 28
67 169 10
157 108 9
81 187 6
145 149 50
172 179 65
177 23 55
116 144 8
113 49 35
62 27 31
98 26 33
18 104 69
66 12 3
86 180 8
118 136 65
74 70 34
117 177 5
40 24 43
106 87 72
37 132 26
83 13 53
37 81 2
167 70 20
121 69 50
65 170 63
131 93 55
107 189 20
100 19 2
188 110 49
139 51 17
26 158 70
116 107 26
63 190 29
43 80 61
85 8 4
110 139 59
74 157 6
35 188 35
87 18 57
86 139 33
185 32 16
155 118 26
7 85 14
31 68 39
134 103 12
188 125 7
148 150 16
34 59 59
8 53 14
97 13 36
89 18 60
64 87 10
188 123 17
183 89 2
186 102 13
38 158 40
37 139 2
73 57 54
14 144 21
48 145 43
171 111 62
123 43 50
92 188 60
21 98 62
115 40 40
121 153 28
73 19 18
177 49 8
106 110 52
8 25 67
118 80 30
147 50 17
36 51 20
48 181 46
41 50 5
37 91 46
134 160 65
43 54 32
83 126 41
78 132 23
103 27 64
178 54 53
90 179 23
13 85 32
78 89 58
69 31 38
174 180 26
93 76 24
177 32 11
168 26 36
146 115 69
116 89 53
30 48 43
66 34 21
189 40 67
86 59 17
20 56 38
80 135 18
107 111 68
18 178 69
78 81 66
60 83 15
16 84 41
173 75 36
64 37 61
171 174 41
24 118 13
44 106 25
115 76 58
136 180 37
67 107 7
31 163 68
73 153 7
129 99 73
38 191 56
127 124 53
7 153 65
111 37 57
16 173 11
136 169 35
176 98 13
182 191 60
16 15 65
133 137 32
122 153 45
71 59 68
156 78 69
155 154 12
134 72 8
129 166 24
140 179 62
74 12 48
37 55 49
19 177 27
96 148 7
75 90 16
162 158 15
131 44 34
53 59 29
189 67 25
142 179 53
3 15 17
58 68 13
39 40 57
63 78 53
85 135 48
81 102 68
33 7 28
4 152 49
179 187 47
83 47 45
59 116 40
46 153 21
190 75 10
74 36 47
82 191 10
122 82 26
11 15 22
144 34 65
119 121 10
25 73 6
124 24 30
66 164 60
133 61 23
49 155 19
46 96 32
117 114 48
104 182 24
87 123 49
103 90 11
69 40 55
158 109 11
149 86 24
138 40 65
50 75 68
23 99 47
186 21 2
70 82 4
109 106 2
20 41 29
113 86 6
11 165 49
53 155 45
134 36 6
46 87 10
58 180 11
10 82 45
9 135 25
143 1 39
6 69 25
128 155 46
153 76 4
173 96 21
72 106 14
94 159 14
37 21 48
26 184 63
63 170 53
101 52 5
176 29 39
191 93 53
69 43 3
15 52 58
30 125 57
116 30 11
178 74 13
159 120 15
49 90 47
169 150 63
1 76 42
184 181 27
81 168 56
110 175 57
4 42 46
139 49 32
55 34 36
192 179 57
120 127 73
84 77 9
2 74 11
95 22 72
192 153 52
45 87 13
143 152 54
111 103 10
127 2 54
192 97 40
192 49 38
18 144 7
141 128 62
23 184 20
31 38 3
18 82 62
107 135 14
17 192 5
138 131 17
114 32 51
64 83 72
64 181 67
10 5 72
83 180 19
127 99 40
85 122 15
82 101 63
71 28 20
4 19 2
159 81 21
33 148 12
84 154 72
145 57 9
31 48 33
103 161 71
166 48 47
113 9 68
69 186 6
30 130 46
161 51 18
109 21 20
173 192 60
98 36 64
158 148 50
27 75 8
44 161 15
42 87 70
178 136 22
120 106 12
67 91 62
161 124 58
134 86 40
55 129 71
161 1 29
99 184 5
37 8 12
186 90 19
133 28 31
147 184 24
175 31 61
90 59 49
84 17 34
10 123 62
55 77 36
16 69 67
21 153 8
56 60 55
87 131 16
183 13 40
41 13 12
26 86 1
169 175 10
156 165 43
1 172 40
150 187 2
188 28 5
75 189 7
135 176 41
140 181 24
17 81 14
151 6 6
61 120 31
189 9 64
165 119 72
73 152 30
187 105 72
168 20 70
151 4 65
184 43 30
155 67 71
176 96 15
132 30 26
31 32 9
9 70 26
112 130 62
149 37 63
88 47 49
90 155 42
177 90 10
192 60 30
186 15 67
31 7 66
60 25 73
121 109 13
63 65 2
163 110 52
101 131 48
113 46 57
158 4 27
99 127 31
53 3 52
30 78 60
165 59 26
153 92 12
172 106 21
162 164 70
62 170 35
101 39 73
22 73 33
80 115 38
127 68 40
46 180 53
132 134 60
80 90 37
52 186 72
63 151 1
11 63 35
66 9 23
140 142 26
4 167 38
34 90 19
131 137 70
148 65 52
86 98 40
142 83 51
179 78 19
174 67 45
112 54 50
61 131 45
43 134 53
42 144 70
73 149 46
180 15 49
96 13 49
32 83 61
141 180 56
24 117 1
55 85 27
37 40 49
1 16 18
105 153 55
115 116 35
107 137 46
127 44 13
41 125 49
173 191 43
101 174 49
78 5 57
2 164 30
42 99 7
106 18 69
61 47 36
131 118 10
22 97 36
90 79 57
43 170 33
59 55 72
53 156 27
2 158 28
74 121 66
101 177 57
166 112 10
190 163 69
85 93 12
107 28 60
40 161 59
102 47 52
106 70 19
8 121 35
85 170 26
37 185 39
159 191 14
141 113 39
141 146 64
69 106 26
34 18 45
185 113 73
125 66 48
109 84 37
65 70 27
53 60 37
15 116 64
151 139 35
108 5 35
76 156 44
63 178 6
78 132 56
118 83 56
108 13 12
52 57 57
47 46 14
52 56 25
107 144 3
121 167 54
111 87 67
65 187 65
66 160 28
59 44 15
144 116 73
102 148 55
61 37 57
98 89 44
175 36 54
150 4 69
58 145 2
153 22 65
56 33 19
79 32 72
127 16 21
68 169 1
150 43 45
11 71 44
86 92 27
149 63 23
15 68 7
40 9 46
77 65 58
95 85 23
171 71 43
44 184 1
110 187 36
55 149 53
122 170 18
79 67 43
112 93 48
62 41 71
165 125 61
91 55 46
1 95 46
43 170 9
80 131 30
110 163 45
156 6 15
2 72 26
171 162 1
99 33 16
84 23 67
10 137 47
77 184 2
77 169 73
25 3 71
63 3 34
46 57 64
135 56 36
61 120 26
163 62 9
34 84 48
31 52 16
68 25 43
167 3 18
52 91 7
56 101 43
160 38 56
180 22 40
14 111 37
40 10 45
108 12 59
168 30 31
68 120 66
39 21 70
16 59 58
71 6 65
71 56 30
101 13 12
145 21 15
162 56 46
146 3 64
21 36 43
178 27 33
177 32 51
127 158 16
131 156 43
11 59 32
136 132 8
41 139 18
140 97 19
176 61 65
23 132 4
8 166 59
15 103 10
34 132 48
161 148 52
49 60 49
104 67 69
14 150 13
31 172 24
51 35 11
38 41 52
52 182 10
105 124 14
134 114 63
21 179 14
9 45 63
158 165 63
52 13 30
10 185 73
141 90 31
71 65 3
98 73 16
5 69 37
162 70 49
160 79 31
42 4 17
143 32 3
5 110 39
141 90 42
100 12 58
163 30 37
187 12 24
14 168 36
180 125 14
102 76 22
11 85 25
9 98 47
94 62 63
113 109 7
37 23 46
185 118 20
173 177 22
64 46 38
78 91 30
139 46 20
99 100 60
122 151 4
50 154 24
79 30 10
135 46 29
164 148 30
145 96 19
179 139 61
161 97 44
181 154 11
106 25 42
116 153 47
36 59 66
141 87 59
184 163 23
152 26 29
15 170 41
60 135 13
45 132 4
121 100 18
2 145 5
10 98 50
25 120 45
29 97 36
24 98 6
83 87 46
183 144 44
122 140 37
33 191 40
83 140 34
166 138 51
125 155 55
72 123 42
36 124 30
28 176 68
152 39 7
131 42 24
192 124 54
79 189 58
162 105 67
71 106 70
139 53 4
48 40 46
161 52 25
135 165 46
188 153 71
51 180 6
180 2 35
31 107 6
175 45 67
114 135 24
39 140 16
13 83 22
29 80 2
154 15 33
28 95 6
142 27 55
166 79 68
70 83 10
164 97 5
139 130 9
173 112 41
73 62 23
94 149 56
91 55 57
56 102 34
174 189 59
52 41 70
45 174 37
131 58 5
157 81 53
106 72 34
14 133 50
143 83 18
100 89 53
56 70 26
67 50 33
190 79 16
56 165 32
134 33 45
138 188 56
62 172 61
187 32 53
62 143 51
148 38 17
179 36 34
178 172 62
190 57 58
45 22 53
66 120 31
66 119 25
44 17 36
99 20 27
110 47 69
77 180 52
11 83 38
82 117 25
46 189 17
124 114 6
78 93 16
98 164 4
135 161 8
79 152 73
143 62 2
153 11 36
116 115 14
190 166 3
80 122 35
85 183 52
185 1 11
145 12 24
141 163 3
141 105 61
183 189 28
113 65 67
167 130 71
170 16 41
13 21 16
38 190 17
163 88 66
69 107 51
106 169 23
54 24 71
144 141 60
6 97 36
99 93 51
183 130 6
56 69 32
120 10 21
15 106 72
175 43 27
182 145 42
148 91 22
25 120 8
107 167 65
113 61 56
12 141 21
18 175 46
129 161 5
76 180 4
140 83 23
113 9 26
118 75 2
44 137 55
6 83 71
36 134 24
152 132 15
9 100 20
174 17 26
48 11 64
79 191 18
105 38 46
47 81 46
102 27 6
93 3 56
183 146 1
18 127 4
13 18 65
88 65 26
143 185 61
191 184 37
26 98 39
124 41 54
154 136 32
115 46 51
119 128 33
137 179 18
8 50 29
14 2 57
57 24 13
143 113 43
127 37 28
166 17 69
79 78 51
108 147 38
82 175 22
69 87 26
130 30 15
41 8 72
129 154 3
67 108 37
50 158 23
143 178 44
78 46 58
97 152 24
30 179 46
144 176 47
113 156 24
89 124 72
83 47 55
48 154 71
105 119 30
85 189 60
97 1 6
46 122 22
160 140 40
108 190 30
1 186 3
40 39 62
56 49 1
187 68 34
162 135 9
144 11 69
157 32 32
27 144 11
156 57 16
181 38 56
120 8 42
114 14 41
165 125 9
171 20 57
49 96 19
59 13 30
156 10 58
12 8 43
96 136 20
149 141 24
84 182 66
116 134 41
147 48 18
18 105 55
144 111 71
165 98 52
19 106 8
143 132 25
63 86 7
135 145 42
47 54 48
71 189 36
113 8 58
140 181 54
56 114 26
144 76 2
61 115 24
96 98 25
114 140 2
178 85 36
129 84 15
3 132 43
35 31 59
139 15 48
161 19 32
50 65 4
51 47 56
146 5 28
46 169 39
