13 70 10
10 3 2
9 5 2
6 3 3
6 13 12
5 8 12
2 9 11
3 8 4
10 9 5
1 4 17
9 3 1
13 5 13
13 10 12
5 8 2
7 12 3
10 2 17
12 1 17
6 9 6
10 9 7
13 3 11
8 11 10
5 9 15
11 1 10
11 4 17
8 4 11
7 4 3
2 11 13
11 10 6
3 5 2
2 12 9
10 8 11
4 6 11
2 3 6
6 13 11
9 8 2
9 11 14
3 4 8
2 9 7
4 5 12
3 12 13
8 1 16
3 12 6
8 13 6
7 6 5
13 7 1
10 7 5
4 5 12
8 13 13
13 3 4
12 1 14
11 7 14
8 4 6
6 2 7
6 1 10
10 8 8
12 4 9
3 7 14
13 6 8
10 8 1
7 5 9
6 9 17
2 10 16
1 7 10
7 2 9
8 11 11
7 12 10
2 6 12
12 8 13
5 3 16
10 3 3
12 9 9
