27 157 25
4 14 26
21 10 25
7 1 22
20 14 8
13 9 4
4 21 14
24 19 25
20 25 15
17 12 11
13 8 16
13 5 16
16 4 15
5 8 19
4 27 24
3 16 18
13 27 13
15 1 10
6 22 32
13 15 12
13 18 18
13 5 13
4 16 19
12 20 14
17 4 23
4 22 12
6 16 28
18 1 2
17 21 17
6 19 30
7 16 10
15 1 31
5 1 30
9 1 25
17 21 2
27 26 24
22 6 1
6 23 17
8 6 5
2 18 15
13 16 14
3 15 32
16 26 17
6 4 30
4 8 1
23 12 17
16 23 23
16 17 4
22 5 22
26 2 2
3 20 2
17 15 5
5 13 26
8 7 14
13 19 26
22 5 25
11 25 3
15 27 8
6 15 31
9 24 8
20 13 14
9 22 9
23 24 2
3 12 19
23 11 13
7 16 8
17 3 14
14 16 13
19 14 12
3 13 16
19 15 3
16 10 30
14 13 16
16 14 25
6 10 32
16 14 33
17 7 31
10 17 10
24 8 30
11 23 4
16 2 25
10 1 13
3 10 21
12 22 18
3 2 9
26 24 11
15 14 29
11 10 7
7 22 10
9 2 11
26 15 20
4 7 14
7 4 25
17 25 4
19 20 19
18 11 29
18 17 32
1 9 21
16 15 12
12 10 28
9 19 13
15 9 10
16 17 23
26 27 3
14 12 19
1 18 3
12 14 12
27 4 2
8 12 25
5 23 3
14 10 10
14 7 9
20 3 33
7 25 6
4 17 21
26 19 7
13 12 8
1 2 29
17 15 2
25 22 7
9 22 24
18 11 2
22 4 32
22 12 16
23 20 25
19 22 1
16 8 20
21 2 12
5 11 28
20 26 13
8 7 11
26 20 28
17 25 29
27 20 26
24 23 15
13 4 11
5 8 12
18 7 17
25 9 32
4 1 11
8 7 28
2 22 13
4 1 26
22 20 11
13 1 28
20 5 4
26 5 26
14 16 27
8 7 24
12 20 30
18 21 11
27 4 14
24 15 26
18 24 33
16 1 17
22 13 3
4 17 21
6 24 5
