39 283 14
5 1 31
14 6 16
10 11 9
10 28 26
8 38 3
10 27 36
30 31 7
21 34 27
6 10 11
11 18 8
6 30 1
25 32 2
14 39 29
28 37 38
24 4 8
21 17 5
10 22 17
21 3 40
11 23 16
30 17 37
32 16 6
18 15 33
7 19 32
4 38 20
30 19 38
13 29 25
38 12 21
9 24 21
36 2 31
33 29 21
25 15 11
29 18 11
25 37 10
28 20 25
38 33 14
2 32 26
28 13 39
1 27 20
16 5 6
37 18 4
32 34 28
5 24 32
36 35 36
18 8 26
33 39 35
18 2 38
26 6 4
29 32 12
8 11 38
29 33 15
17 32 36
17 31 18
13 38 20
19 11 21
39 5 26
3 24 8
4 2 25
16 31 26
17 9 30
5 2 29
30 6 13
33 28 7
2 26 24
22 29 22
34 11 24
32 36 29
4 36 10
34 23 37
7 18 5
36 9 7
20 6 16
27 19 29
35 5 37
37 4 4
18 39 7
9 4 38
3 8 6
35 3 3
9 11 16
17 3 38
31 12 25
22 8 1
7 14 21
15 30 1
12 30 27
25 22 5
34 13 32
20 7 33
14 25 6
34 39 30
20 23 15
32 13 10
35 31 21
10 31 14
7 9 21
35 11 21
11 2 26
37 5 22
35 31 12
39 5 19
25 10 11
5 29 2
29 2 34
15 18 37
36 8 9
38 17 12
10 2 33
39 11 28
1 18 39
8 27 8
1 10 40
22 11 38
19 18 34
1 15 35
7 5 23
21 27 3
4 7 7
32 1 33
29 25 17
21 33 19
29 1 29
1 19 31
28 8 32
14 8 17
32 27 3
14 13 5
13 10 8
16 33 9
34 20 22
37 1 20
31 2 14
16 18 3
29 19 17
4 21 10
9 19 7
2 32 37
28 32 26
19 16 5
21 39 34
7 2 10
5 16 38
17 12 9
13 8 34
11 28 14
28 35 15
9 25 21
16 32 21
27 5 26
22 24 22
36 6 11
7 36 7
26 12 36
37 39 11
15 5 17
21 5 7
12 6 3
34 37 2
3 37 28
38 19 19
13 35 5
3 10 15
1 9 1
25 11 31
4 32 7
4 18 31
14 39 38
34 11 11
21 24 33
36 26 2
6 22 37
37 17 32
35 32 12
32 35 19
34 33 33
37 26 29
12 19 19
36 27 25
25 2 11
25 17 23
8 25 9
32 23 36
16 15 18
27 26 25
19 33 5
21 17 18
37 6 26
11 9 19
24 4 11
23 3 24
12 5 11
22 8 8
18 23 11
3 2 37
5 19 33
19 9 38
19 5 33
15 27 23
35 13 7
39 36 16
21 16 4
9 21 27
13 22 16
14 12 36
38 19 2
19 3 3
6 34 6
11 21 4
15 21 16
38 27 27
15 1 13
25 7 17
34 11 34
17 10 7
26 4 9
4 15 9
20 32 11
23 32 37
6 35 26
3 30 37
30 23 8
25 14 9
7 8 30
36 16 22
8 18 7
35 7 4
34 4 33
39 5 28
11 31 15
10 33 15
17 21 1
7 6 26
8 28 9
31 4 32
30 24 30
33 30 36
3 19 19
38 10 31
33 17 18
26 37 13
18 29 40
28 26 4
30 24 12
33 31 24
23 20 29
10 37 35
24 9 25
39 15 34
10 12 2
27 30 13
1 23 7
9 1 28
1 8 32
38 10 3
25 10 10
10 2 12
16 1 24
19 5 35
34 19 16
38 11 7
17 19 1
9 26 37
26 17 26
32 29 9
18 2 17
16 38 27
25 34 33
1 23 5
15 23 2
5 21 35
14 20 10
20 22 32
29 18 28
11 1 16
28 36 13
35 30 31
27 29 25
23 19 17
38 20 11
2 21 21
20 26 34
30 37 17
4 1 36
38 31 16
