249 6739 31
62 121 36
4 120 72
208 98 7
125 78 56
245 8 28
26 147 50
60 30 37
50 63 78
57 165 5
159 165 71
30 204 54
141 7 20
110 54 60
190 145 36
156 66 45
219 36 79
5 225 2
134 153 29
159 66 27
215 79 20
21 5 72
168 133 34
141 7 18
18 106 49
158 70 15
149 76 58
124 182 22
138 196 76
99 152 32
166 87 63
199 44 79
121 179 19
54 16 29
83 202 27
44 129 7
125 236 55
56 159 45
139 149 77
46 218 60
61 44 78
75 143 7
98 85 39
161 164 25
184 159 73
85 157 30
140 77 38
40 111 12
21 241 31
8 14 53
171 1 29
248 197 79
14 238 71
107 243 71
132 234 71
153 8 49
27 18 79
110 154 51
113 43 34
233 36 61
219 38 49
160 39 34
92 217 67
142 125 29
76 169 2
205 3 57
71 142 7
13 236 62
67 54 8
197 6 58
42 13 31
57 64 26
218 155 20
222 35 48
52 116 12
167 71 43
120 58 32
167 33 8
242 99 16
112 126 44
155 1 76
73 210 57
97 26 75
51 98 48
19 106 42
236 224 77
162 242 7
191 18 41
121 181 67
29 246 22
101 84 26
23 179 72
113 249 1
240 211 16
21 144 19
142 188 26
18 1 26
120 16 32
189 169 31
184 33 75
20 100 15
139 195 44
198 191 38
38 45 35
184 188 79
143 226 39
223 220 17
58 215 8
167 189 2
61 240 54
84 231 56
100 42 44
231 213 36
48 206 27
123 165 17
66 228 61
154 233 51
207 217 18
124 200 24
116 138 30
33 57 42
119 101 63
27 125 47
212 225 39
32 99 15
221 159 71
101 182 18
182 233 3
15 64 73
196 84 23
44 217 51
62 34 37
66 132 13
208 65 31
64 8 59
192 25 23
51 153 26
112 49 60
189 203 16
83 157 60
162 217 39
126 42 73
105 57 64
3 158 29
76 30 9
122 13 33
128 38 60
101 79 46
118 153 66
219 23 30
163 173 62
5 66 51
153 142 51
136 244 53
84 32 15
213 5 28
132 22 39
160 203 34
178 205 10
183 168 63
2 209 36
233 84 6
67 45 27
137 44 38
114 44 50
69 238 66
172 160 22
97 224 72
76 77 14
236 188 1
164 121 59
170 212 41
48 231 41
182 57 27
49 19 67
167 164 78
176 37 76
41 189 50
9 48 30
42 38 39
236 40 62
226 183 78
54 174 11
169 149 11
128 51 55
44 113 12
58 34 3
73 75 71
150 137 65
16 46 23
37 17 29
145 147 10
74 80 71
58 31 79
16 238 11
38 160 10
209 111 5
174 134 20
25 178 77
72 70 24
154 145 67
130 115 23
223 248 39
174 239 55
163 141 41
111 176 72
167 12 47
28 160 25
233 100 15
117 202 76
29 61 11
44 103 62
148 125 5
44 73 72
5 70 31
234 177 72
142 248 13
86 234 4
210 26 27
64 80 10
201 179 40
22 46 10
85 24 68
114 73 43
52 226 42
76 3 75
131 37 50
111 9 60
157 101 65
146 46 16
249 12 44
170 165 55
53 244 21
89 159 59
159 16 26
127 201 55
237 218 33
6 97 61
57 48 65
166 205 34
28 150 69
61 30 16
95 200 40
186 224 69
148 239 76
83 202 52
23 143 76
238 42 66
45 83 69
203 207 48
3 95 65
120 21 15
61 43 47
49 191 58
226 176 46
232 187 8
38 131 28
78 171 33
117 187 12
13 156 52
132 148 33
109 134 19
80 192 41
194 33 21
200 184 4
24 132 64
96 88 3
131 107 45
210 226 40
166 165 13
230 164 52
14 73 29
147 178 19
221 121 19
104 54 53
15 240 41
98 117 5
197 76 56
95 199 3
189 156 76
95 102 18
85 16 76
236 137 14
122 18 78
236 240 69
36 96 36
132 21 36
31 130 77
22 142 40
29 216 68
197 58 38
19 180 25
121 175 38
152 203 24
83 21 30
171 247 25
121 67 75
214 182 19
154 15 8
164 200 19
155 238 53
195 11 3
111 53 44
39 124 12
231 78 19
89 145 52
98 175 48
227 204 47
55 53 60
82 188 17
198 221 56
241 26 69
154 246 48
144 9 56
207 28 40
62 193 73
67 236 60
142 191 2
136 243 21
187 1 31
24 175 17
240 118 12
152 210 16
32 217 21
249 208 18
42 66 13
114 202 20
235 180 75
162 121 68
41 40 75
208 193 43
40 172 64
3 37 53
215 104 70
54 5 44
179 199 10
66 87 60
51 246 56
18 92 47
92 115 31
191 121 79
65 47 61
188 148 5
138 53 40
54 53 65
195 223 61
247 239 31
164 166 29
115 175 46
207 176 77
59 70 65
248 103 51
63 88 30
225 243 30
90 63 77
61 230 48
152 140 10
22 119 41
226 76 49
140 30 28
95 42 45
166 132 16
235 247 57
87 48 5
8 130 3
1 230 11
65 69 17
100 220 38
51 6 30
232 121 16
19 173 57
53 181 79
87 31 52
160 189 43
183 25 74
146 120 24
8 228 10
41 239 67
90 245 32
20 75 76
7 14 7
59 75 61
171 114 20
122 99 6
212 84 43
87 115 16
240 17 17
56 72 68
16 204 46
17 42 8
9 183 32
79 118 58
201 37 7
61 15 1
110 139 67
173 199 22
82 81 8
155 53 45
247 114 34
35 200 14
97 169 24
40 172 45
175 56 61
158 249 32
165 63 35
215 23 18
173 83 26
153 142 32
222 97 33
70 75 79
207 80 57
67 208 67
223 34 50
203 160 44
95 45 25
115 47 50
113 122 63
115 184 7
67 228 42
113 138 21
39 230 49
208 245 68
1 108 51
14 111 69
148 60 58
127 84 28
145 77 49
137 141 60
242 138 74
61 242 73
158 190 43
56 189 35
117 162 79
86 141 6
86 115 46
173 93 49
197 113 46
65 161 67
110 116 51
86 12 74
211 96 29
125 200 73
54 55 28
118 204 50
164 142 56
143 202 55
126 30 51
25 167 78
23 99 67
50 82 27
48 17 1
219 112 37
136 187 56
159 228 60
52 94 67
211 82 68
219 172 34
150 180 77
214 25 57
32 125 25
102 246 51
227 167 63
107 116 24
126 185 20
152 139 19
127 104 66
21 131 32
174 218 43
105 229 27
93 116 24
139 168 71
195 119 47
226 15 31
149 24 26
64 244 41
53 235 70
5 35 51
228 223 71
42 173 23
51 55 70
124 19 9
195 51 57
128 153 10
6 101 67
200 248 38
147 12 10
99 212 10
3 211 15
160 7 71
181 129 78
15 196 24
4 227 65
11 1 63
9 235 45
233 189 23
84 31 17
5 232 27
150 30 64
27 172 34
87 46 8
115 230 46
221 245 67
35 189 13
181 144 50
9 126 45
39 170 73
26 199 36
199 167 42
172 157 61
1 91 17
116 239 11
116 64 9
100 99 35
154 240 55
221 239 45
29 99 12
201 223 48
40 56 38
199 127 23
204 63 33
137 233 68
184 7 53
218 111 72
169 56 13
41 96 67
223 8 58
38 151 31
97 121 66
237 120 71
15 237 23
70 190 20
43 154 3
197 206 60
82 113 47
150 119 66
107 121 44
213 171 45
125 161 50
30 157 63
204 220 13
138 147 57
116 224 21
96 161 31
63 118 62
153 38 73
127 111 20
214 198 52
71 239 20
115 41 36
125 42 46
30 31 69
189 123 12
77 106 63
102 27 39
211 109 46
5 27 47
2 185 57
75 170 43
64 164 21
42 83 15
206 108 64
126 208 22
181 65 52
34 128 50
68 109 44
119 172 51
219 35 55
34 43 48
110 212 18
212 111 25
63 174 72
90 52 29
183 155 69
137 1 34
89 185 48
63 100 62
45 20 79
171 61 45
231 162 41
48 154 52
147 210 74
232 145 28
78 87 4
68 53 56
189 131 68
221 243 17
123 240 4
72 204 70
80 244 3
155 115 10
9 133 33
34 77 59
219 15 53
156 143 35
137 6 40
100 152 71
135 182 36
194 237 26
201 181 42
230 174 2
63 166 46
104 246 33
78 14 75
153 39 49
21 180 29
232 132 63
125 124 57
67 117 69
212 242 45
88 166 11
73 30 3
199 71 75
249 84 14
218 129 15
15 128 34
148 184 43
243 216 65
182 53 75
129 107 41
144 183 62
71 83 64
180 127 56
112 145 27
145 132 76
215 28 59
203 131 11
75 65 71
150 39 44
54 240 37
62 43 59
5 182 35
133 210 25
114 3 12
178 61 44
178 9 11
77 149 56
119 241 70
115 180 63
107 75 59
105 167 31
58 106 52
25 129 60
98 226 42
245 38 17
241 52 38
166 190 71
55 168 18
131 114 7
130 212 10
148 209 68
68 5 31
64 60 71
141 57 29
24 198 71
202 181 29
100 121 78
30 49 33
191 70 63
10 180 39
170 63 14
122 162 53
33 135 44
207 180 52
38 140 5
136 215 41
68 145 16
193 25 13
50 37 5
128 173 17
114 222 55
126 80 6
58 36 55
11 2 51
9 107 8
30 20 8
111 120 1
107 184 26
84 61 49
145 22 31
99 1 5
93 69 1
125 182 62
214 14 40
224 174 45
249 175 66
68 29 78
59 26 31
201 67 6
32 168 66
125 183 44
240 144 9
11 3 71
184 140 70
42 23 39
248 82 70
168 43 39
221 157 26
81 44 65
184 207 22
206 249 78
132 36 60
19 27 26
49 96 33
61 211 51
51 54 75
76 239 46
90 97 1
45 77 2
103 172 38
151 115 21
95 54 14
120 184 49
235 176 65
94 178 57
94 25 59
170 122 44
165 176 12
60 221 12
123 132 74
163 190 16
146 99 8
86 120 9
50 128 4
125 54 25
120 140 33
15 239 49
54 168 73
42 229 67
33 97 36
75 235 44
79 136 65
205 40 21
44 115 72
125 128 47
224 105 50
17 214 31
226 65 18
227 142 77
239 111 67
125 23 3
152 119 40
128 62 30
151 80 7
24 231 78
180 146 53
97 197 49
11 33 59
108 198 3
39 217 76
192 210 12
94 170 6
234 158 16
20 208 27
78 127 38
96 189 72
32 78 40
2 221 14
140 104 71
80 28 5
194 228 24
182 90 77
13 68 24
51 38 33
205 57 45
207 4 10
22 75 46
192 227 75
43 195 38
185 91 67
215 167 12
236 185 48
233 154 6
35 112 71
154 73 26
28 143 54
84 189 3
18 14 45
230 190 10
203 226 15
65 249 45
188 239 76
170 191 17
163 139 16
109 84 27
170 190 30
112 198 79
143 242 5
80 30 36
225 108 65
38 154 78
182 76 16
228 145 61
160 20 57
239 174 15
88 55 17
249 244 64
231 61 77
233 3 59
91 187 74
199 2 68
159 169 36
18 241 30
54 135 37
101 246 39
84 5 43
108 34 17
166 156 58
236 159 31
188 151 31
81 150 24
133 9 73
35 15 74
112 237 45
74 21 18
152 138 29
151 127 7
107 183 20
156 195 51
10 108 75
245 237 13
229 157 74
5 36 64
76 106 73
172 217 5
173 164 44
56 208 49
149 249 25
104 86 69
245 247 13
36 198 14
212 105 3
179 59 78
37 17 43
174 83 45
177 115 58
59 203 31
159 197 19
49 25 33
128 119 40
9 136 5
35 153 77
155 193 78
114 163 71
67 80 6
191 8 16
52 88 54
218 2 72
238 57 24
233 22 45
166 17 27
209 7 19
133 220 36
115 205 44
124 123 30
123 56 11
95 114 3
187 9 18
128 219 54
51 116 41
148 222 43
117 229 11
93 162 6
203 144 28
199 249 69
105 228 22
245 161 55
151 201 22
16 216 73
134 8 12
56 38 14
21 17 25
51 90 58
162 160 27
42 25 7
229 205 26
106 17 54
85 229 34
23 89 35
156 42 53
7 238 18
171 129 11
195 62 23
110 70 57
83 86 33
234 101 36
113 134 64
171 238 2
87 141 67
199 165 41
145 17 55
112 225 2
249 162 2
185 131 41
179 156 18
71 248 53
238 40 63
130 128 78
118 10 69
138 82 51
133 216 22
100 51 40
79 118 31
245 104 59
240 127 30
196 219 14
132 203 4
91 141 11
117 143 36
174 149 51
57 84 19
237 75 68
24 198 12
175 25 64
50 212 61
38 120 76
125 52 26
240 5 47
185 219 72
218 197 74
57 148 54
159 199 59
97 183 65
194 216 47
208 120 63
97 215 24
248 20 44
233 41 77
179 127 46
135 220 61
39 243 44
8 242 3
200 201 78
234 95 62
229 228 56
40 229 35
79 248 64
5 196 35
193 182 8
196 86 20
195 190 65
94 99 19
98 66 34
51 167 53
3 31 46
31 238 66
136 236 74
37 49 60
112 83 47
1 161 29
1 21 61
12 109 66
49 175 47
140 95 3
105 208 29
158 29 3
23 206 24
143 246 19
33 226 78
40 3 26
179 208 73
72 171 5
191 60 54
104 97 19
92 29 54
75 182 28
186 69 39
78 237 55
16 53 54
94 47 31
66 93 22
209 169 31
205 74 64
228 85 23
51 154 7
91 110 72
236 104 59
197 127 74
61 16 75
60 112 37
207 185 16
170 52 70
2 25 73
174 98 3
94 162 28
117 213 12
148 110 20
207 29 59
174 70 51
193 96 15
30 33 64
55 159 11
242 139 15
98 233 45
164 111 41
91 181 57
207 72 34
142 176 46
35 151 5
29 172 47
82 169 10
191 60 54
106 148 24
158 215 38
241 154 35
134 231 46
207 84 42
81 71 39
204 169 23
102 123 27
52 191 18
112 21 15
172 69 35
216 222 9
166 96 43
80 245 14
229 146 63
150 199 1
60 105 76
73 102 5
212 108 75
79 9 58
183 60 64
10 236 74
164 241 36
39 59 69
206 45 66
114 60 64
118 175 79
120 176 16
69 235 31
60 125 62
59 216 19
201 142 35
112 207 55
121 126 72
45 197 55
126 12 41
92 213 75
97 222 23
133 163 53
212 131 64
47 108 66
56 14 68
154 208 66
135 86 26
93 142 18
21 142 6
56 78 50
144 214 64
9 177 33
108 126 38
49 12 36
220 9 23
139 233 55
245 207 23
41 78 76
185 23 22
4 46 29
170 203 77
44 37 22
183 26 15
70 187 38
38 9 52
58 109 64
23 248 51
110 40 34
48 249 62
189 177 55
132 71 25
180 20 30
32 6 67
33 211 26
137 146 9
87 44 66
158 178 52
56 165 68
248 165 3
187 170 30
207 139 17
7 180 75
80 206 76
184 114 77
236 136 52
149 240 56
128 172 51
177 175 44
150 237 61
226 128 23
74 192 62
228 169 37
66 246 42
41 75 23
57 186 3
75 69 3
172 176 26
3 5 2
177 39 63
236 112 79
60 93 18
243 126 17
53 237 23
110 117 16
191 100 15
137 119 55
215 115 34
20 31 41
106 104 16
11 146 59
4 194 47
55 36 11
6 11 67
130 216 79
26 17 18
109 159 24
116 130 73
83 190 62
170 100 53
23 143 72
170 153 32
163 11 43
92 22 49
122 178 37
8 142 19
213 195 66
44 13 18
142 209 60
179 218 53
19 170 18
79 205 64
39 82 33
55 182 67
185 233 69
187 63 57
204 46 40
76 40 45
92 174 58
19 222 27
39 155 69
74 128 25
47 117 25
192 92 43
108 226 62
163 130 7
46 59 38
89 212 15
85 66 53
46 42 37
99 195 67
47 180 4
61 114 33
248 204 70
231 123 77
104 42 62
111 52 38
158 106 24
140 211 1
98 139 2
176 169 64
49 127 41
209 21 5
16 106 43
249 13 71
234 49 6
75 193 23
12 216 30
166 172 73
136 165 72
65 54 13
50 75 15
163 83 37
185 167 53
159 158 17
87 173 19
43 194 47
33 213 32
196 2 28
171 133 53
89 61 66
13 108 55
128 133 79
221 178 19
105 32 3
166 22 60
236 165 1
149 211 37
26 35 17
208 114 16
153 93 34
160 165 51
238 215 43
75 191 57
51 100 19
90 246 7
189 217 48
25 134 28
227 218 61
13 215 60
50 76 33
221 66 14
246 222 19
175 111 13
222 1 49
229 3 1
239 212 4
245 57 23
219 196 74
131 50 18
109 125 37
96 182 5
191 90 74
73 57 53
34 205 41
75 101 21
204 62 37
110 186 60
205 74 49
141 24 20
219 214 41
128 122 17
107 52 16
249 38 51
175 126 71
123 215 7
173 163 18
8 175 78
151 230 58
103 205 11
17 15 8
141 197 21
179 138 63
56 109 50
36 33 10
140 209 3
178 62 24
182 24 58
216 118 43
116 125 76
47 166 1
98 229 6
156 8 39
227 15 41
56 222 27
95 130 15
133 245 20
203 39 34
114 169 43
43 127 58
37 4 60
202 3 63
183 138 67
214 19 23
9 4 72
121 183 79
244 4 64
188 84 65
156 180 33
244 83 45
69 241 72
169 173 49
19 186 27
14 242 39
48 239 27
163 124 45
175 158 65
112 110 10
75 165 10
103 140 24
105 168 54
75 118 78
233 92 44
203 201 20
187 214 34
49 238 12
121 194 26
117 104 76
81 39 49
69 52 25
197 231 42
9 135 36
78 133 42
22 156 58
249 171 75
14 228 49
4 49 3
194 147 35
166 147 16
225 246 50
197 63 66
136 86 63
39 123 14
102 154 60
98 172 62
155 103 58
102 55 62
70 60 11
212 123 18
141 131 21
196 102 16
87 163 68
86 211 2
232 33 5
184 137 13
132 228 53
131 71 67
53 124 36
246 109 36
76 249 71
158 51 31
132 89 73
212 5 58
77 82 34
81 145 20
147 41 74
182 85 33
50 153 16
198 91 2
32 211 4
120 211 4
10 150 12
55 109 67
62 17 35
113 232 50
106 189 71
229 56 67
146 235 79
3 99 55
156 27 55
3 146 16
40 114 24
163 27 61
161 199 71
236 208 25
245 241 21
53 25 72
135 234 38
216 108 48
30 120 58
55 190 11
86 126 16
30 68 75
191 239 61
169 187 63
9 90 41
161 230 2
213 10 57
242 112 23
106 72 48
231 23 77
176 154 52
152 33 40
185 66 46
158 218 22
109 106 56
21 117 4
60 123 28
187 237 67
116 27 23
218 167 79
171 241 67
174 72 3
184 32 22
219 211 11
198 170 72
19 229 27
3 195 27
172 217 69
40 144 60
207 246 13
171 114 28
104 99 52
245 68 78
201 121 39
19 43 45
60 239 51
237 215 55
124 96 36
93 247 72
228 17 41
180 100 7
1 72 11
192 160 45
172 85 18
49 137 72
37 113 39
71 245 3
222 21 18
179 96 62
57 203 35
131 125 61
173 192 19
142 149 7
85 52 29
17 218 47
30 81 26
60 21 15
117 80 56
241 104 50
82 217 41
211 76 62
128 19 27
99 94 47
184 172 37
249 206 37
249 228 4
202 32 39
155 25 77
91 192 26
117 87 3
76 141 43
10 194 33
151 142 53
8 72 42
194 214 79
183 186 35
124 6 39
9 27 50
110 211 27
47 77 64
2 8 13
70 46 26
101 75 40
79 45 35
6 19 76
199 13 51
57 243 30
120 146 55
70 196 40
9 112 41
161 13 6
165 210 15
166 194 28
127 108 31
157 8 49
247 129 56
187 109 43
35 1 56
116 190 41
85 81 2
244 93 27
154 27 78
125 176 60
178 59 72
186 199 50
45 222 12
23 127 34
15 40 28
17 185 10
107 232 47
146 65 9
21 226 33
136 102 18
200 137 51
185 206 73
176 219 16
120 116 29
100 81 34
55 173 79
194 100 79
217 209 30
87 22 77
91 248 38
86 243 53
151 31 24
242 148 34
2 15 11
165 1 21
218 174 76
96 46 17
215 196 1
105 30 1
143 55 9
81 85 41
115 231 75
41 16 45
201 191 31
104 153 52
184 50 29
122 109 1
14 138 41
6 163 2
104 214 72
201 27 44
13 84 10
190 182 10
19 108 77
89 20 21
193 55 28
46 30 35
186 213 53
79 161 73
51 205 42
153 151 36
242 214 23
246 150 37
108 120 9
18 240 77
12 224 53
213 41 75
76 175 75
200 197 32
218 59 2
93 208 75
168 7 14
160 173 48
237 14 7
168 131 79
6 52 53
185 106 32
239 29 57
116 136 57
186 129 47
140 40 52
139 110 19
122 11 49
84 62 45
151 20 29
28 182 66
131 106 31
191 176 43
124 195 34
172 130 79
216 128 79
123 12 59
173 108 67
2 151 4
173 40 61
49 80 15
65 204 37
245 242 62
146 44 62
185 220 46
242 224 7
89 207 51
99 140 16
7 56 73
105 14 1
146 31 3
220 198 77
228 71 46
7 20 46
150 130 43
85 169 27
67 171 70
221 15 49
109 127 35
48 212 9
218 89 69
119 150 39
123 175 5
127 228 74
1 209 66
156 28 74
206 173 37
177 80 78
95 99 64
73 54 49
186 164 35
144 208 20
41 134 24
195 229 68
126 242 18
7 128 2
208 221 8
170 161 47
224 143 77
235 64 38
5 93 27
97 238 59
61 236 54
187 196 47
176 100 29
192 169 74
125 220 1
151 134 41
3 135 12
85 166 61
142 109 37
44 228 25
245 22 8
54 59 30
21 146 7
192 206 41
127 146 27
2 67 11
92 166 27
120 100 75
118 60 42
48 96 73
163 13 10
179 247 27
7 17 21
239 42 55
101 65 19
243 47 35
34 38 17
88 185 34
113 178 72
62 9 70
190 237 13
45 222 13
97 182 41
39 224 78
19 17 20
62 85 12
179 4 24
142 112 4
97 73 16
160 182 47
183 166 11
246 248 22
197 32 49
65 106 32
143 152 18
145 18 59
137 181 5
233 32 49
220 30 13
81 22 66
165 5 15
218 80 69
215 100 31
125 15 28
49 230 44
236 196 63
15 97 72
142 143 36
144 45 11
181 48 55
180 229 44
138 203 68
82 166 62
24 167 29
151 80 16
17 221 7
182 174 20
26 158 56
79 102 49
62 176 35
135 35 16
172 241 41
236 89 67
172 218 48
66 28 31
227 155 61
206 162 15
245 198 35
46 19 53
74 153 45
145 110 14
17 33 77
46 71 53
152 9 16
159 182 58
85 150 13
17 36 19
181 47 45
141 36 64
43 81 16
39 135 33
236 153 59
22 200 21
96 227 43
222 17 12
80 69 3
47 242 7
30 129 44
29 28 76
99 69 33
232 115 40
150 16 77
180 86 79
73 14 72
119 31 5
53 174 61
18 220 50
161 74 39
169 98 44
12 150 16
63 37 1
132 163 20
54 3 51
234 99 63
219 203 28
52 94 66
153 205 73
98 128 19
141 13 58
54 172 73
168 93 39
218 28 34
42 113 79
159 33 19
238 3 12
72 160 51
238 148 51
126 58 3
191 5 53
153 203 58
123 2 22
78 103 74
12 80 25
26 197 52
103 221 1
73 22 17
181 119 48
27 88 27
194 39 52
142 198 2
164 135 52
177 108 41
227 110 79
167 23 55
45 26 6
126 102 58
162 182 40
43 49 17
89 8 8
194 65 36
65 4 38
85 75 71
179 101 59
4 210 63
120 75 27
220 218 71
40 144 33
225 10 76
186 173 6
237 182 33
17 10 36
36 188 73
53 80 50
5 218 3
122 178 15
237 130 12
79 118 66
198 14 14
160 114 17
185 93 57
122 133 3
141 171 45
98 72 67
56 94 39
58 155 15
54 173 51
43 171 15
244 82 11
96 238 35
130 6 15
145 2 3
211 237 54
128 54 30
70 201 59
86 194 34
121 68 60
234 94 11
198 64 64
7 121 43
232 139 68
230 86 64
66 81 69
145 169 20
214 141 78
45 5 52
140 191 50
143 79 47
153 100 49
230 244 34
7 46 41
93 222 26
212 244 56
82 197 21
216 107 21
208 133 64
5 104 10
204 28 52
206 100 61
163 31 26
34 230 32
74 115 55
104 32 13
66 56 58
157 231 78
222 226 61
238 57 39
106 127 29
131 154 51
125 198 51
101 49 75
54 78 11
121 248 8
21 113 52
91 222 7
79 208 79
214 147 24
142 243 4
202 20 17
164 74 37
49 203 73
68 153 3
182 191 31
137 29 3
242 162 10
41 217 33
195 177 6
41 82 47
182 238 70
13 65 23
243 159 7
52 204 69
100 42 31
111 60 55
228 38 73
188 130 61
44 58 64
191 144 59
210 117 22
30 162 18
247 17 5
121 248 18
62 238 7
15 47 60
246 131 8
157 42 46
143 137 16
57 111 41
220 174 33
205 126 58
125 213 30
119 72 64
239 43 3
227 225 15
94 117 72
21 180 37
40 210 77
75 78 16
199 155 21
105 77 23
227 14 47
58 221 43
74 13 6
37 34 24
67 119 62
52 55 24
222 34 3
176 69 11
230 11 3
232 193 70
230 24 32
78 243 39
134 44 37
192 194 19
181 41 68
160 43 38
64 60 49
116 34 39
152 173 75
24 40 29
239 141 58
97 20 19
57 167 8
64 239 68
49 2 27
160 55 29
133 23 32
151 215 36
149 240 68
12 78 70
115 8 69
161 151 6
50 72 22
150 173 3
188 210 12
16 240 13
108 36 11
200 172 38
188 52 1
107 52 1
100 37 7
30 204 8
126 124 22
106 20 53
70 185 49
137 62 6
130 24 46
12 62 33
115 152 38
182 19 4
103 31 74
47 105 62
99 39 8
232 140 32
173 126 60
168 66 49
144 90 45
17 18 6
152 94 69
210 102 11
84 13 71
247 234 79
29 208 29
83 176 37
93 144 13
128 16 21
103 179 70
194 59 64
138 244 34
223 239 53
117 140 65
20 134 28
242 138 11
43 170 72
28 51 77
112 136 19
35 114 76
74 1 74
76 82 57
128 145 51
45 228 71
26 238 67
153 248 74
31 224 52
34 77 34
132 169 55
50 1 61
8 16 7
94 182 38
75 243 20
238 101 9
170 23 6
84 111 69
227 217 65
96 1 32
163 226 15
136 196 73
191 46 37
111 154 9
228 187 8
202 183 15
243 209 59
235 223 16
149 20 44
171 142 8
166 202 74
244 119 33
48 155 11
244 32 37
65 168 73
119 164 18
164 202 72
53 123 47
233 242 4
97 121 9
224 110 30
195 44 68
65 139 38
213 116 58
129 142 35
189 28 63
144 168 45
62 195 32
216 120 69
54 142 71
79 42 57
234 224 70
1 214 74
53 233 58
75 30 37
39 224 28
159 105 19
228 74 29
70 170 2
234 30 15
164 231 61
152 213 5
99 212 52
22 29 32
221 156 69
120 67 9
12 132 15
182 204 2
229 9 46
165 91 19
39 121 7
67 4 79
244 108 48
95 6 1
144 150 34
16 126 58
228 96 35
110 135 3
226 140 26
219 110 12
66 249 60
219 121 79
45 63 51
30 159 18
75 229 64
38 88 46
95 51 25
43 75 52
227 239 46
227 220 54
222 64 18
141 100 66
124 62 29
175 220 59
100 41 74
239 83 10
161 45 38
50 214 34
150 44 61
197 204 55
162 238 19
38 6 26
51 99 2
130 6 53
146 69 10
62 11 33
167 229 78
25 58 20
183 5 36
1 228 57
151 71 8
55 216 16
151 48 61
25 191 40
73 20 10
83 60 28
168 220 54
157 119 42
226 126 34
196 45 49
245 199 78
222 114 34
11 22 47
152 179 60
131 52 50
14 160 72
111 245 21
249 38 19
80 106 29
9 118 2
246 173 30
176 74 42
94 187 21
228 204 2
8 113 65
50 71 12
64 217 52
121 97 74
211 158 44
133 129 50
213 130 3
59 64 47
223 119 45
69 159 61
1 70 77
101 195 35
217 84 48
135 243 47
192 133 73
11 116 25
16 118 66
122 19 17
154 22 26
83 224 59
47 20 36
146 204 41
91 122 65
13 107 69
5 162 55
25 91 53
59 45 31
221 246 47
171 189 79
236 180 68
7 185 79
85 246 66
232 9 65
125 130 18
219 61 24
115 171 77
192 102 50
12 208 49
39 54 16
160 176 29
136 241 31
41 240 71
163 139 73
52 76 58
192 173 68
75 109 59
196 212 33
163 13 56
241 11 44
154 89 10
221 226 77
134 7 20
130 34 29
65 85 49
101 21 5
119 17 12
233 126 52
221 207 33
105 121 78
62 248 30
133 129 5
197 95 71
84 32 18
72 79 18
238 3 39
114 167 22
65 131 24
174 25 17
163 103 79
120 148 31
67 136 79
54 61 77
99 228 38
199 201 59
126 208 9
117 36 52
189 144 72
101 20 3
176 68 42
240 32 4
19 145 73
97 188 58
85 247 26
6 206 18
142 128 46
8 249 26
70 167 58
246 46 62
41 117 68
112 192 17
159 161 21
104 55 69
139 121 7
230 72 55
205 47 5
238 242 60
111 172 60
59 232 36
165 32 12
200 31 4
105 211 79
243 163 53
147 1 41
124 241 32
156 82 6
122 181 26
91 28 76
206 86 49
170 237 50
226 148 72
152 219 54
182 98 5
102 109 26
236 121 28
11 137 40
249 80 36
71 50 27
10 154 20
12 133 40
207 37 64
18 33 45
61 71 8
216 7 32
227 102 37
204 50 40
143 44 72
98 71 33
120 94 10
67 174 75
39 198 53
204 120 11
92 64 1
219 160 58
43 51 33
27 24 33
201 24 15
57 107 44
166 69 56
45 127 30
8 137 37
108 145 10
162 160 56
213 6 77
5 37 26
116 59 76
208 55 40
51 150 13
246 197 44
23 157 39
122 204 38
124 38 42
176 180 49
21 110 5
37 197 55
84 49 16
58 180 72
189 69 32
74 213 26
230 2 74
230 114 34
224 163 33
27 225 29
109 186 22
234 66 19
164 204 66
173 155 5
195 14 6
177 51 65
163 183 15
143 41 70
106 171 30
200 130 58
12 199 40
225 107 40
55 184 50
105 118 16
242 238 49
166 186 9
231 241 52
140 187 41
165 157 65
10 237 55
13 196 70
122 10 63
192 175 36
242 141 45
76 124 21
14 160 71
24 181 46
12 77 53
53 125 65
50 125 30
236 163 23
26 45 18
187 230 78
176 73 41
156 169 59
136 149 13
4 224 27
211 66 58
65 98 11
69 247 76
99 236 46
123 180 78
112 198 27
140 248 56
172 47 15
111 27 25
12 13 63
16 220 22
56 191 35
249 104 2
113 149 18
58 186 48
230 46 13
228 37 26
220 36 61
53 164 75
95 41 38
84 221 76
139 209 46
67 73 48
16 169 21
203 86 24
100 79 76
128 78 36
51 77 75
87 249 27
102 65 32
68 91 51
174 213 68
203 41 1
167 21 15
42 67 64
124 165 79
248 69 49
3 79 22
100 50 61
139 184 55
9 48 27
73 89 26
179 116 16
249 245 42
130 214 38
26 190 17
174 164 57
42 23 20
137 130 26
70 226 26
168 173 36
129 100 37
31 99 43
39 28 35
215 24 37
99 226 4
131 164 6
123 80 51
151 29 73
82 226 50
115 3 14
190 95 76
167 61 29
190 148 64
123 201 36
98 213 70
41 96 56
112 226 70
193 209 28
42 248 34
29 122 11
181 78 35
94 102 32
130 214 76
61 163 19
47 205 62
137 78 50
243 166 4
196 126 6
179 31 12
27 20 26
2 163 48
204 206 62
8 171 10
56 61 65
183 66 11
232 157 57
210 240 25
38 118 33
149 100 21
167 17 32
54 4 9
66 216 50
223 164 2
164 93 16
176 108 34
219 143 50
154 143 19
249 197 39
112 97 52
95 3 27
236 83 50
147 136 76
64 248 27
155 174 63
204 128 8
244 221 52
65 4 22
65 67 13
110 6 30
52 102 17
175 182 7
64 181 15
47 155 33
143 30 12
137 10 19
126 194 56
232 115 23
94 66 62
235 149 5
79 231 65
180 240 67
173 194 61
210 95 3
125 86 10
119 34 4
17 50 77
62 70 65
146 103 36
215 161 46
176 186 74
4 226 17
12 9 74
220 144 63
220 246 14
164 176 66
126 186 56
23 191 22
205 229 41
117 153 49
57 170 22
143 43 21
61 100 9
120 90 70
104 41 55
127 197 9
75 172 12
70 41 33
13 127 53
100 219 11
121 151 31
185 166 28
34 144 14
245 208 77
46 75 1
27 96 55
171 102 55
2 241 61
110 109 3
87 78 48
192 79 60
40 36 70
9 56 43
62 109 45
42 18 7
175 230 27
176 11 52
94 223 26
55 57 76
84 21 56
180 91 64
48 59 5
8 153 38
173 19 53
234 245 49
240 218 71
116 235 2
6 158 60
13 240 69
241 56 37
159 231 72
16 75 13
157 245 58
93 183 70
197 71 65
55 138 48
214 106 68
78 29 77
9 215 47
68 162 45
6 77 71
235 156 62
92 78 31
118 132 26
160 242 51
111 60 58
116 155 54
248 153 73
88 61 35
85 181 39
223 24 64
210 154 29
4 125 73
238 4 77
176 92 57
160 21 26
95 45 7
152 241 40
202 233 30
196 200 58
25 15 59
232 170 11
200 193 63
61 127 66
173 204 25
89 212 68
106 238 8
215 148 59
43 116 45
179 46 36
217 13 48
218 92 53
111 42 12
174 98 33
171 199 21
112 88 36
93 247 50
9 151 7
8 34 33
149 197 55
114 78 11
226 231 70
91 64 69
127 74 25
150 243 28
154 219 18
118 173 59
145 71 68
179 56 21
232 96 26
136 162 52
66 124 12
15 143 40
96 5 7
54 147 63
62 143 66
97 42 78
171 102 28
233 101 53
62 17 63
177 32 78
34 214 34
121 65 49
77 180 12
84 57 62
106 166 15
205 24 22
158 238 24
101 81 24
7 78 42
63 122 27
222 196 13
138 129 40
137 82 32
142 29 23
194 22 77
71 76 77
23 73 79
51 91 43
133 161 36
117 111 7
137 7 29
221 171 24
241 113 64
46 23 25
43 62 48
152 23 34
109 23 73
62 71 49
110 199 12
31 1 75
189 85 45
31 113 76
193 238 64
9 82 8
62 85 36
155 112 5
150 223 51
75 29 46
156 100 38
20 147 44
158 190 31
33 217 13
20 246 76
189 112 27
37 73 72
55 188 25
234 183 37
195 121 47
92 80 6
47 154 66
186 113 34
85 57 44
209 166 9
158 190 78
168 6 8
172 198 60
150 7 58
49 197 23
160 92 44
28 38 24
66 186 28
210 144 7
156 22 40
58 71 41
40 109 64
167 84 52
52 132 26
92 155 42
114 82 21
203 40 33
199 160 74
182 236 75
75 62 23
208 247 39
110 207 22
192 45 76
180 156 1
2 240 43
202 54 79
79 228 69
118 112 23
197 167 54
78 189 33
142 63 43
100 183 77
19 23 46
93 105 58
207 239 16
105 58 66
124 92 2
244 102 39
33 134 13
231 226 18
203 158 54
217 2 27
235 164 56
223 120 15
203 104 72
102 44 25
145 86 66
107 39 23
23 140 10
50 242 29
169 67 5
186 27 22
60 118 57
50 159 64
109 107 43
187 178 74
57 242 62
152 52 2
193 47 17
169 41 47
7 91 8
56 2 25
185 164 14
206 169 12
154 57 65
198 15 69
46 128 71
197 65 77
211 159 69
169 129 54
194 222 30
245 235 31
6 78 19
78 156 59
229 183 34
192 140 26
143 183 6
13 157 1
134 39 78
156 216 3
31 38 25
199 172 58
186 1 68
44 91 49
131 88 46
43 161 76
178 169 15
242 5 7
200 247 63
231 186 29
174 197 55
198 165 11
209 172 75
221 58 61
229 191 36
88 134 42
109 73 28
205 18 62
8 47 64
190 47 52
87 11 46
45 23 47
112 203 17
184 200 12
208 180 12
40 190 64
26 248 21
166 204 44
218 103 43
230 191 78
70 7 74
51 223 12
155 247 18
118 210 16
65 43 45
161 243 60
174 127 5
100 163 7
227 148 52
61 100 77
65 77 24
203 210 16
87 190 29
185 177 21
51 156 3
235 9 8
151 127 5
207 23 30
211 22 8
231 154 30
157 205 68
242 15 61
8 105 59
21 153 59
44 31 33
49 196 40
30 32 33
236 79 50
143 40 3
235 10 57
107 176 31
4 25 5
52 159 64
108 178 45
202 28 74
113 88 76
211 31 35
171 107 12
106 19 48
38 101 22
119 27 75
182 28 31
182 30 76
159 83 46
173 45 26
62 83 74
6 186 8
61 151 57
108 168 66
38 197 13
216 160 52
156 114 20
45 103 27
98 25 69
117 209 5
96 148 68
206 17 69
174 196 79
227 39 47
223 52 24
54 178 22
195 5 55
7 204 41
127 225 16
179 7 53
62 59 20
185 233 19
216 124 7
219 52 63
110 234 22
116 161 63
209 150 13
182 145 35
112 195 37
52 197 73
71 249 39
149 216 38
53 121 57
144 89 76
34 71 25
167 150 54
27 61 37
194 140 37
231 187 62
249 90 3
247 87 57
166 9 28
51 163 23
171 77 11
67 74 5
138 189 26
54 140 20
129 94 8
209 135 68
209 63 50
181 170 49
21 54 2
112 5 52
2 242 74
37 46 55
227 186 22
86 64 69
60 179 41
131 224 6
112 99 57
215 235 7
57 210 39
238 218 35
32 129 57
232 88 47
248 90 79
191 74 36
117 14 46
73 230 64
239 169 44
188 228 46
230 105 72
198 37 58
212 220 78
190 70 37
178 205 62
101 83 2
225 184 37
195 47 34
225 6 51
222 193 2
107 243 76
69 70 49
63 44 76
69 143 60
239 168 54
9 184 37
4 249 68
94 213 62
135 207 75
214 132 3
165 113 78
244 98 20
218 34 58
180 34 64
26 185 59
195 132 35
137 50 16
211 169 17
166 127 48
98 115 72
182 36 26
73 84 66
201 244 35
85 48 39
215 249 8
60 202 35
141 63 33
28 47 72
133 13 35
84 30 1
63 194 5
115 196 36
97 89 14
203 38 27
188 65 74
219 184 17
244 114 71
154 6 9
113 201 16
163 229 31
236 43 74
183 21 51
235 190 64
174 49 45
193 241 40
89 239 1
152 94 49
141 181 45
210 13 42
30 53 18
231 93 25
26 128 10
46 237 68
9 169 27
203 225 60
42 197 18
129 122 76
218 170 7
246 211 59
186 183 44
185 51 31
154 25 24
187 174 64
215 36 54
213 244 56
138 24 17
240 226 31
165 26 18
227 225 50
232 129 59
53 31 34
137 225 76
225 41 14
47 192 24
80 148 76
198 15 23
203 81 72
136 127 20
144 190 8
147 10 35
162 194 34
140 181 13
123 116 77
59 128 74
193 106 54
97 152 65
152 217 56
3 70 44
152 234 19
13 94 7
58 29 19
246 206 16
91 174 44
72 233 32
28 129 68
92 45 14
87 211 2
233 232 71
37 219 12
191 113 45
152 146 31
67 220 32
103 24 26
20 10 16
228 239 74
192 6 29
198 207 19
238 39 14
26 7 62
38 143 48
79 198 47
124 180 25
136 2 55
3 4 50
114 64 76
1 238 72
88 11 37
86 195 56
184 185 39
151 165 59
15 162 77
58 21 7
242 74 65
217 207 31
101 16 53
246 165 78
130 27 66
147 166 52
226 175 71
24 11 13
164 109 5
200 176 31
135 69 40
57 76 67
121 34 77
106 236 49
28 224 29
7 58 19
15 32 44
87 180 43
128 160 37
35 125 13
46 164 9
244 222 41
101 15 72
248 113 1
152 67 8
94 126 11
3 52 52
244 67 26
169 35 14
189 185 2
33 4 14
239 210 22
149 141 26
186 203 17
183 139 78
155 163 75
10 167 25
28 22 48
94 236 67
67 150 63
121 115 55
68 203 42
132 84 47
162 124 19
90 201 33
51 207 25
76 141 52
86 137 12
91 152 26
52 238 34
148 115 72
37 62 31
107 133 48
94 14 50
189 182 26
197 204 4
107 82 27
235 212 73
157 199 25
27 168 43
51 56 68
57 50 5
143 136 49
141 226 15
126 212 8
69 39 75
95 57 24
163 150 75
9 68 77
18 93 75
225 47 70
230 14 69
114 14 2
98 222 20
248 243 21
180 103 61
101 89 5
16 133 59
239 202 14
221 38 45
46 55 48
241 40 38
165 91 36
13 41 25
83 135 50
124 223 17
110 241 63
211 241 68
157 128 34
134 100 40
183 77 46
165 53 3
150 19 32
189 159 18
152 189 23
24 150 51
83 138 11
83 55 55
229 245 74
209 102 75
25 166 8
227 96 17
163 193 43
176 202 44
18 66 31
106 51 18
102 116 64
67 200 56
181 130 4
97 14 26
60 68 77
242 32 20
24 160 10
44 208 73
7 119 11
209 156 4
212 62 76
12 51 49
176 172 4
128 227 20
121 225 39
173 176 74
3 226 69
213 183 52
158 145 5
216 148 19
3 136 47
207 232 26
55 220 75
6 188 50
223 140 79
195 80 37
245 235 31
195 68 24
129 79 24
151 122 70
147 1 79
139 106 71
36 172 74
157 70 43
128 170 42
137 92 59
153 93 28
38 181 6
184 204 50
18 134 32
116 72 9
214 6 79
166 107 57
173 101 64
15 194 38
232 15 10
244 112 15
68 89 38
178 106 79
140 43 44
43 232 52
60 184 54
176 49 19
61 79 1
184 129 5
247 15 38
155 156 7
210 41 37
170 14 66
77 157 30
47 20 49
53 231 44
91 173 49
24 215 8
155 15 20
114 199 68
115 102 45
138 31 11
144 52 1
141 99 67
40 67 30
204 71 34
78 114 51
45 4 16
95 154 63
119 73 10
217 230 58
147 137 34
238 210 32
83 152 52
167 97 59
61 89 59
72 61 9
113 234 69
190 125 67
138 8 31
121 179 29
160 1 73
130 109 43
29 14 62
171 11 39
69 242 13
203 172 11
200 153 40
230 129 78
126 140 33
104 32 35
40 230 59
35 208 44
128 3 14
124 214 69
38 160 37
3 196 37
155 121 60
99 69 28
99 155 64
67 194 59
4 190 38
98 104 49
23 116 63
74 126 73
33 88 41
210 125 56
112 175 49
16 226 78
47 98 65
7 77 57
159 158 56
70 18 14
101 62 72
153 177 68
212 88 28
138 43 29
100 206 11
89 171 10
183 184 32
225 18 24
104 45 39
8 189 73
211 60 40
142 192 18
221 204 69
184 4 35
113 94 32
196 60 51
18 58 65
96 195 14
103 201 75
47 77 30
90 72 43
99 183 54
182 237 12
89 132 20
146 176 68
31 175 11
104 84 25
99 84 33
111 107 72
12 199 57
175 241 10
56 65 7
90 199 44
2 103 66
79 24 33
159 33 41
121 165 27
51 137 10
231 10 68
195 186 75
45 118 54
159 169 15
182 156 30
228 32 74
196 138 7
20 98 75
202 229 32
109 134 67
164 172 29
133 81 19
25 110 49
140 42 34
233 202 78
233 247 69
244 214 27
154 224 38
70 46 73
107 59 61
196 7 24
176 82 57
162 190 60
81 4 52
223 233 38
143 111 25
196 109 63
17 166 59
180 145 7
56 158 38
244 42 46
172 205 64
70 149 27
34 73 53
103 144 76
82 163 28
235 236 54
154 49 20
60 228 73
218 142 79
88 118 64
125 160 17
154 209 18
73 175 48
50 85 60
106 52 27
208 3 18
23 171 30
7 199 70
122 67 21
191 195 10
233 115 9
236 173 57
145 2 16
188 59 63
160 16 7
116 57 18
115 32 51
121 140 55
185 97 79
219 248 73
4 100 13
16 108 76
6 118 57
19 52 76
198 166 32
172 127 60
214 216 29
244 173 68
43 164 38
95 160 10
24 221 71
57 215 15
210 27 65
73 135 34
94 43 14
225 40 47
197 39 15
227 24 10
152 134 47
65 147 38
58 180 28
220 113 19
16 66 15
185 23 28
11 38 6
111 52 59
32 142 64
68 86 13
187 89 8
236 106 76
2 130 32
202 61 37
52 38 11
165 97 18
137 203 75
104 144 54
68 210 78
38 5 47
80 86 54
41 149 31
115 130 68
12 141 56
183 105 55
214 206 29
151 110 34
28 21 26
223 160 46
63 171 28
13 96 25
51 200 7
150 91 49
218 116 57
78 192 78
188 22 75
42 87 46
87 136 68
42 237 57
70 146 48
19 221 44
56 7 56
168 87 5
75 14 27
37 111 11
139 83 18
221 107 8
186 182 49
136 98 69
102 238 63
17 44 16
149 160 67
72 228 72
129 206 51
173 204 1
237 52 79
27 155 64
137 79 15
175 76 17
151 116 50
83 156 62
231 3 19
172 145 78
182 194 18
232 47 26
107 89 71
11 55 66
245 239 56
55 231 26
84 77 45
144 195 32
67 246 28
33 135 14
29 126 14
234 203 77
54 190 74
43 224 3
117 218 38
136 48 67
34 162 43
185 199 69
172 156 21
113 144 2
69 88 58
70 243 47
68 213 6
226 112 57
143 65 50
210 221 78
102 31 52
138 75 7
80 94 58
24 134 57
141 8 39
144 141 3
16 96 68
229 208 58
34 89 12
44 162 57
241 220 73
117 228 6
31 53 16
36 118 2
116 199 16
211 30 8
34 82 26
62 131 49
40 213 47
23 146 48
99 72 62
97 98 4
132 26 25
103 4 63
141 101 41
227 126 13
174 94 59
183 85 56
76 178 66
118 33 50
247 37 36
29 212 59
216 30 76
24 53 36
83 130 66
13 221 69
228 221 37
208 111 17
157 98 44
152 70 60
229 84 59
228 141 31
123 66 65
165 194 41
19 196 18
187 115 76
158 60 18
210 130 79
151 24 72
248 153 30
103 63 52
88 150 33
227 191 63
11 127 63
15 114 13
159 193 27
79 39 6
34 68 47
133 103 30
103 8 1
183 94 48
58 240 19
211 199 23
18 6 31
242 203 73
44 140 31
58 224 7
113 234 13
92 173 72
19 36 76
167 242 23
144 159 23
11 175 7
61 171 65
133 173 32
190 172 50
40 186 62
50 29 35
181 167 24
226 227 53
29 219 75
171 158 77
65 72 14
140 232 17
106 126 5
234 204 15
45 102 23
35 4 79
150 63 60
190 231 37
117 35 4
62 171 70
241 133 53
29 155 18
177 216 53
126 30 77
13 107 24
84 31 31
224 2 32
191 246 40
246 137 33
101 184 45
208 55 72
20 123 34
209 146 76
85 76 15
237 234 25
114 205 16
16 133 4
239 63 28
249 170 35
135 13 58
205 161 51
236 140 2
184 175 33
212 213 4
68 97 69
53 233 35
15 116 10
195 1 16
13 79 22
37 50 12
167 78 25
169 129 33
214 237 6
248 130 19
66 154 28
15 66 57
57 169 47
61 18 55
87 33 58
103 61 37
96 71 43
84 154 31
165 9 69
139 245 49
194 74 35
95 83 57
19 98 18
178 25 47
6 8 28
224 244 64
132 226 31
186 150 60
74 20 75
66 178 11
31 91 11
162 107 34
203 164 55
162 212 67
234 5 71
214 91 22
235 34 35
93 24 22
221 168 16
147 116 10
199 230 29
13 59 34
131 23 14
33 19 45
201 33 8
183 207 56
113 71 55
239 233 29
173 97 54
222 51 32
165 225 19
172 54 14
58 18 34
38 100 20
102 89 49
154 103 17
151 107 74
35 176 8
41 4 39
75 41 46
197 7 2
109 177 2
63 224 37
223 163 54
122 188 65
187 149 63
188 51 65
240 178 36
17 155 70
46 10 18
15 183 73
100 149 78
144 248 67
67 124 28
72 61 15
196 146 51
155 78 40
247 148 55
162 204 36
180 34 39
66 183 19
78 119 79
92 112 11
236 237 43
8 211 31
178 51 15
50 162 78
240 173 4
102 117 58
213 204 23
152 143 73
114 121 63
37 155 8
21 188 29
62 20 59
72 59 6
20 146 42
63 225 56
129 94 48
161 243 36
75 113 29
108 243 5
241 228 30
156 87 43
49 208 73
24 57 35
38 219 56
180 153 66
242 246 73
32 149 3
163 44 4
77 3 16
188 119 20
88 142 56
152 31 10
108 6 30
242 110 21
227 158 75
171 216 77
107 229 24
11 81 67
8 80 17
67 82 71
179 194 12
43 157 34
117 158 3
207 43 58
145 19 60
226 33 28
17 34 4
21 230 76
136 211 78
119 162 17
190 235 55
225 65 8
228 226 44
13 197 3
65 56 20
71 116 68
93 94 20
147 237 14
114 88 22
130 244 57
180 107 60
94 103 17
200 48 61
240 67 47
6 57 66
165 81 75
182 217 2
225 127 52
209 205 48
58 8 30
110 180 76
190 118 20
212 200 43
118 54 14
240 238 18
11 44 70
42 29 59
82 134 53
172 106 72
33 237 14
48 53 13
244 20 51
66 227 61
5 190 14
75 101 32
51 7 50
171 248 76
217 207 74
222 143 8
154 170 61
239 140 20
199 145 20
170 198 5
137 248 77
232 152 59
148 155 66
30 86 53
1 239 21
232 140 52
239 180 71
184 59 41
171 51 24
133 98 60
26 145 51
247 207 65
82 61 12
213 193 69
243 166 69
182 53 74
148 204 69
132 158 3
212 23 51
82 1 41
230 32 74
122 197 8
8 180 43
118 72 61
80 86 39
196 14 7
84 24 33
80 98 73
102 141 67
195 161 57
210 164 54
244 27 6
48 71 12
165 8 28
189 224 70
101 41 38
142 173 54
198 113 31
184 163 35
200 199 42
40 113 21
232 186 1
24 232 42
163 177 66
58 44 20
208 13 4
191 10 24
2 45 58
26 209 30
116 231 72
2 31 71
212 196 35
103 112 54
109 2 30
228 161 38
9 132 46
84 72 44
225 28 41
99 53 40
199 137 64
80 162 9
35 131 68
41 210 73
8 153 23
224 111 6
114 46 46
52 229 40
2 127 31
47 177 33
201 217 37
160 15 47
199 144 3
39 13 35
104 164 55
205 29 56
105 24 57
130 23 58
240 146 7
223 62 53
145 158 2
66 139 61
147 206 75
168 126 73
19 206 41
33 105 56
216 68 33
241 49 30
14 30 76
72 146 72
83 192 67
143 134 20
107 169 22
209 7 40
246 20 28
79 49 71
70 12 40
152 12 16
203 120 72
247 196 27
100 47 70
135 58 54
14 65 69
119 47 79
43 135 59
173 40 43
128 186 73
90 11 49
94 215 53
137 118 70
169 86 35
239 65 57
10 208 50
111 40 60
153 160 24
114 42 18
59 4 63
102 59 75
155 54 56
249 242 15
9 50 73
79 192 42
153 110 32
60 204 32
76 149 5
116 123 34
213 129 54
130 133 2
136 207 71
201 182 57
120 184 36
192 237 52
159 2 42
3 212 69
73 53 49
238 120 40
245 99 25
117 64 25
151 91 79
204 90 70
92 213 52
148 222 13
161 95 60
73 238 79
185 113 62
17 3 62
248 30 55
225 91 42
36 234 40
126 106 15
33 80 50
103 105 27
52 74 34
16 119 2
95 141 15
138 103 19
110 100 48
177 50 70
48 75 67
237 117 59
84 230 70
162 69 26
231 121 46
168 101 63
230 62 46
12 93 66
17 116 56
148 170 79
237 128 25
86 127 10
45 244 1
30 31 37
39 62 53
3 191 49
133 159 46
122 32 50
99 28 16
245 89 59
248 17 16
159 157 74
209 30 76
127 199 58
36 13 25
122 8 38
124 174 74
203 139 62
112 180 45
90 160 54
69 199 15
95 68 63
26 63 68
137 38 24
210 155 25
61 60 66
111 242 41
157 39 48
46 49 55
230 163 59
167 44 79
93 188 44
82 183 76
233 203 74
64 96 19
47 48 42
86 21 69
166 15 24
167 130 29
146 58 54
127 58 70
6 126 43
225 204 65
108 192 44
80 180 48
51 94 63
165 249 72
207 54 35
78 34 66
180 70 56
149 144 13
39 122 30
151 200 9
143 122 53
109 99 1
31 62 42
65 170 45
78 235 30
173 2 1
102 149 3
121 34 56
177 136 43
132 84 53
241 200 43
84 182 40
83 114 64
134 124 22
191 158 16
158 109 24
155 47 45
20 200 56
73 81 1
50 153 56
190 70 46
157 197 26
113 18 33
64 197 41
217 186 76
230 128 8
249 100 12
158 165 55
225 247 36
179 208 53
243 218 15
87 195 44
136 85 64
165 122 9
69 32 39
5 81 30
140 79 37
177 179 28
178 55 66
89 87 29
101 224 59
162 173 9
229 109 16
156 72 33
123 124 54
164 125 33
117 232 60
203 231 63
227 35 76
94 130 60
57 8 42
183 3 78
35 116 10
106 144 34
37 103 17
222 64 39
75 196 33
153 39 69
21 32 12
152 102 47
238 213 67
203 168 9
48 152 9
147 160 32
240 41 36
232 243 59
232 13 35
166 230 40
183 141 41
25 73 61
187 52 47
226 169 17
231 148 72
81 77 55
162 236 2
157 172 45
200 8 70
236 93 54
234 103 39
128 29 69
44 46 74
145 55 8
216 226 21
4 180 28
164 108 68
243 212 46
46 139 56
64 249 30
184 92 4
12 208 10
15 76 54
11 109 52
124 101 25
168 232 11
6 108 24
112 108 31
61 196 26
110 236 4
125 181 2
45 194 19
99 20 33
99 135 62
188 33 9
160 40 32
14 141 27
19 78 55
112 174 55
201 124 13
195 3 46
189 208 40
228 232 69
148 52 37
11 148 17
23 169 22
58 172 47
139 155 2
66 167 76
104 240 52
127 79 78
228 7 78
1 118 51
80 131 6
181 155 61
238 245 66
76 118 73
34 171 52
115 164 74
115 102 19
69 107 70
35 202 56
183 22 74
224 80 30
27 165 4
222 229 45
217 218 12
51 142 28
238 6 41
237 73 48
152 147 44
148 173 2
188 88 57
158 9 11
178 18 42
112 66 45
68 233 38
20 48 62
28 103 5
236 197 17
164 241 6
70 159 25
133 192 15
138 35 24
19 120 63
46 202 29
213 12 24
184 88 35
155 132 46
109 87 20
48 215 32
97 6 23
242 48 54
155 176 30
205 1 45
69 151 74
247 218 39
114 164 43
141 27 43
149 139 47
3 148 65
194 222 53
129 195 27
2 237 20
79 51 43
31 248 55
166 121 70
14 108 57
189 40 39
56 149 22
190 143 77
186 12 20
77 135 40
222 235 14
133 150 25
166 28 42
3 189 57
7 249 7
119 207 11
249 219 37
16 39 72
207 149 76
92 45 27
167 58 15
190 151 62
230 207 39
140 155 63
122 133 71
207 200 57
65 209 72
178 185 33
12 236 17
20 161 31
126 135 43
20 249 29
64 77 34
198 27 59
164 100 5
197 4 6
65 97 36
142 85 29
151 203 21
186 161 45
209 208 69
152 110 61
47 34 58
60 202 60
59 124 41
114 165 3
20 11 45
15 110 30
77 48 5
227 186 67
25 130 29
9 178 63
67 220 34
222 80 62
143 146 1
117 169 49
85 179 78
240 170 19
66 37 39
29 243 75
73 242 24
196 68 47
54 239 77
17 127 59
94 63 17
128 4 3
64 100 16
25 178 57
249 23 32
216 186 35
108 179 35
209 77 54
124 125 73
195 207 28
114 248 15
115 105 66
7 63 23
137 33 40
173 1 55
118 94 31
33 19 24
28 61 70
83 13 13
189 106 75
142 181 71
121 82 45
168 154 53
227 125 68
81 226 70
222 203 26
194 193 6
93 191 40
220 34 54
31 63 14
123 11 79
167 202 55
85 91 76
30 148 74
8 152 42
183 219 29
204 39 54
113 244 53
53 179 42
229 108 65
85 132 18
50 64 41
229 227 10
88 40 36
201 71 36
35 239 48
191 185 31
27 86 46
47 212 62
102 165 46
194 114 66
156 2 60
85 33 47
99 81 75
223 249 78
165 77 32
128 139 60
216 236 70
179 230 26
165 56 23
138 207 9
242 95 24
244 109 2
150 230 3
68 176 75
86 247 47
95 51 56
99 234 35
20 146 48
86 63 57
88 219 58
4 95 24
149 169 24
227 174 35
177 163 31
155 144 69
106 20 20
99 213 68
7 187 27
66 159 38
54 163 24
14 247 79
4 189 28
141 179 4
114 130 35
41 223 32
202 233 41
229 5 4
50 73 37
69 245 64
167 125 54
240 192 11
154 167 34
83 168 68
235 195 11
151 228 6
29 63 54
233 192 77
184 135 57
110 125 57
182 134 20
231 208 1
26 238 29
198 188 6
52 184 77
128 164 78
41 167 6
194 154 38
188 211 67
145 129 8
131 97 64
245 74 52
121 211 14
145 160 68
235 197 1
81 19 75
189 29 3
54 1 54
174 110 65
151 193 48
32 128 68
157 220 32
212 27 72
214 165 48
215 185 57
154 76 67
13 91 51
183 26 50
184 98 78
113 49 8
223 113 71
4 28 53
245 72 13
245 222 60
49 238 49
107 236 41
105 111 50
81 93 47
25 10 41
43 208 78
231 33 71
43 201 57
53 246 62
170 117 63
6 41 35
2 62 41
106 71 64
122 165 79
167 22 65
76 146 69
160 230 50
13 52 78
168 211 32
110 155 63
80 77 4
215 237 75
28 184 30
245 66 42
119 244 75
177 206 8
85 16 72
77 143 65
179 174 23
24 247 9
136 55 16
181 60 58
43 102 3
151 113 22
105 85 40
241 4 19
18 14 57
56 231 44
90 122 18
181 8 38
245 176 18
184 185 25
42 81 28
83 247 76
244 199 61
115 7 4
98 163 5
248 209 59
93 113 78
216 227 16
174 11 54
78 76 50
28 198 32
220 70 7
60 82 2
170 152 36
249 187 67
181 84 70
136 101 69
92 83 24
238 2 57
174 215 22
4 129 46
11 90 66
153 227 49
38 218 4
93 24 68
33 223 9
139 24 5
192 74 14
191 50 77
59 103 59
162 156 63
90 97 24
7 202 70
229 111 42
72 124 57
56 2 5
30 81 46
180 105 10
7 168 66
121 159 60
109 137 79
243 61 78
172 93 40
123 104 39
26 233 67
11 197 60
150 44 37
215 45 31
30 103 57
162 45 58
213 235 72
198 176 74
172 242 58
119 25 72
169 104 35
172 222 78
182 195 37
79 185 33
97 223 29
146 109 37
168 20 15
34 131 2
164 92 63
239 18 18
132 50 26
95 130 59
192 86 74
68 208 71
137 149 36
191 60 65
247 39 63
212 171 13
80 20 43
182 192 62
144 14 57
111 5 19
54 124 66
204 209 79
241 231 5
147 220 49
226 98 4
7 242 7
213 210 50
194 22 21
124 96 68
189 162 65
16 118 29
246 153 57
141 122 47
26 18 63
223 6 38
246 123 71
175 114 4
2 51 18
211 223 6
233 99 59
200 90 6
63 143 43
74 123 72
121 228 50
206 81 16
243 116 63
217 75 32
24 98 49
142 60 44
112 49 71
1 205 76
11 230 8
14 151 8
195 160 34
134 17 1
80 78 67
118 128 59
25 3 8
104 88 27
158 5 59
15 14 39
96 124 38
21 173 78
210 165 20
52 164 59
193 141 25
35 102 77
3 212 23
50 230 2
181 156 67
69 118 70
222 211 6
137 143 73
190 150 65
110 210 10
136 119 50
11 60 45
22 141 50
236 28 59
206 122 54
115 46 50
240 88 44
248 235 26
51 9 66
178 83 16
6 188 56
60 15 32
206 57 4
20 8 75
126 182 37
11 51 5
64 70 53
79 150 31
27 102 71
98 128 67
2 234 66
219 8 33
226 149 54
247 197 76
225 187 66
224 241 23
91 40 32
232 38 7
26 216 10
48 127 24
162 33 68
240 206 24
154 180 24
243 152 30
64 129 1
196 119 79
3 25 55
102 214 24
43 202 47
90 98 70
218 19 72
116 118 27
40 55 55
41 164 35
140 31 44
1 174 33
223 164 69
179 197 59
197 132 64
1 224 49
147 129 79
242 138 17
83 242 34
173 230 3
92 183 64
187 153 48
160 37 69
243 89 57
239 7 71
125 45 67
225 161 65
71 113 50
22 165 31
86 235 60
56 240 47
248 223 66
215 103 25
19 128 7
116 178 9
135 139 55
181 164 59
249 124 2
69 75 47
129 224 33
109 187 50
238 141 57
42 16 44
194 83 32
25 104 62
103 127 14
233 39 21
100 26 5
69 206 23
207 7 40
114 27 36
16 169 53
234 62 12
3 64 78
204 182 42
103 147 1
111 24 52
116 124 72
246 113 10
188 13 33
112 29 18
54 149 53
64 165 40
51 97 4
242 37 75
217 219 77
113 223 28
179 13 47
184 196 73
13 112 50
33 183 46
64 5 30
60 172 68
17 243 18
204 193 61
190 212 26
147 210 50
132 10 54
76 140 36
202 204 42
2 220 76
67 182 7
35 119 32
219 187 79
139 91 79
113 30 57
29 205 3
226 64 43
232 35 10
175 134 43
19 2 15
170 139 13
162 227 66
120 209 12
182 85 32
247 87 69
83 240 14
208 119 25
161 121 29
119 14 73
112 33 6
143 215 33
58 125 69
219 122 46
175 190 34
79 48 14
112 150 44
141 169 17
35 36 12
168 103 1
185 88 60
96 149 67
205 24 61
112 210 74
166 199 57
190 122 63
155 65 10
8 66 79
56 114 58
173 45 26
232 64 76
200 248 59
35 33 19
20 125 25
11 168 44
46 202 46
10 127 60
213 228 78
133 58 67
146 54 58
186 31 10
217 136 63
157 17 42
135 134 66
139 1 76
168 7 63
246 179 51
69 136 14
163 75 67
34 182 41
11 154 37
212 49 54
158 190 32
194 178 16
20 206 48
235 55 24
74 244 50
136 57 32
96 97 39
48 45 10
33 94 15
205 145 17
61 100 62
120 11 54
231 204 26
114 61 20
243 118 17
100 150 44
7 44 33
172 24 27
82 177 52
243 79 65
97 74 15
76 84 51
184 77 75
44 83 28
86 201 33
203 187 23
245 236 5
15 160 54
199 214 58
16 205 22
46 146 36
70 114 13
200 95 50
97 12 43
183 237 15
175 77 1
158 215 58
76 175 47
32 142 5
119 108 6
146 182 30
55 131 48
146 169 6
108 65 29
110 59 28
46 16 59
172 194 61
54 5 25
212 50 71
108 35 35
49 159 7
174 57 62
182 68 49
93 77 59
83 239 64
105 9 40
63 156 76
212 120 6
71 249 18
196 234 55
175 150 27
145 237 58
122 107 37
193 108 61
99 221 22
166 106 52
174 83 6
56 114 63
109 175 39
98 11 10
154 209 46
221 182 56
215 116 15
17 10 65
8 116 65
37 82 50
56 195 16
24 247 41
137 30 39
64 217 2
83 64 49
210 119 69
67 204 4
56 240 49
39 146 15
27 99 56
11 181 35
248 70 8
105 9 60
151 114 12
129 104 47
165 129 48
216 75 26
68 215 66
39 92 3
205 132 30
208 94 48
41 93 10
96 181 74
81 120 70
48 248 36
4 174 53
181 84 51
157 133 19
50 208 71
173 209 64
25 10 79
148 22 37
29 222 10
198 73 66
245 53 16
238 125 16
49 120 11
178 131 63
16 235 55
193 2 51
65 191 17
94 133 10
222 35 45
224 177 40
83 77 2
17 243 33
227 11 32
172 214 38
77 210 60
245 111 78
235 160 13
176 132 58
67 144 45
62 143 10
53 62 22
89 195 79
224 168 43
187 141 40
102 165 75
144 107 23
154 72 27
164 234 76
39 210 16
229 114 59
54 230 51
82 35 32
87 149 78
148 177 23
11 163 67
86 200 22
78 56 36
166 84 5
72 105 8
145 75 42
159 58 15
238 86 60
199 43 18
219 79 53
96 177 46
17 8 8
185 115 19
122 89 65
245 221 74
247 16 29
96 1 32
43 64 21
220 185 67
62 145 2
223 65 59
78 42 16
15 59 6
117 56 68
179 150 54
164 99 10
41 38 77
93 9 64
129 109 44
230 87 45
245 77 66
156 110 47
14 198 34
106 74 43
76 122 54
215 174 66
173 27 60
70 16 3
70 209 50
14 30 1
37 125 46
89 29 45
158 53 34
199 182 26
203 147 76
182 91 38
175 25 12
214 210 28
6 176 26
208 144 78
171 1 72
172 240 37
11 247 62
75 141 30
68 78 52
198 85 54
66 1 43
59 25 1
189 240 17
214 29 49
159 229 53
117 70 73
118 229 9
245 129 35
24 233 51
130 156 72
8 53 55
165 88 22
162 206 26
245 41 39
117 160 55
45 54 25
229 58 76
17 48 78
74 168 30
84 27 75
241 67 69
12 194 16
15 169 78
195 67 35
109 191 49
233 65 34
81 92 28
3 89 4
149 209 23
249 207 12
227 214 77
6 138 21
232 143 15
148 2 51
165 103 43
30 166 33
18 115 19
108 66 61
134 161 13
204 98 3
241 93 37
246 1 48
167 150 6
152 220 68
87 244 65
145 199 25
43 29 76
91 75 33
200 159 18
45 79 66
15 247 51
71 226 6
49 8 36
197 132 48
83 93 25
199 151 74
122 130 72
202 68 23
112 205 36
101 173 22
159 77 69
118 85 64
4 245 67
26 230 66
73 193 56
161 245 8
11 13 38
41 65 12
194 1 75
213 195 9
238 165 14
160 108 79
124 150 75
212 103 36
49 206 31
187 241 75
132 186 53
217 107 62
200 176 8
180 232 39
91 89 69
227 168 2
52 122 71
83 162 47
104 121 65
77 24 8
173 157 3
229 197 11
96 10 58
35 38 56
23 184 38
55 144 65
101 206 41
142 98 45
94 153 53
87 210 39
83 159 16
48 10 1
64 232 17
40 2 58
242 72 24
93 77 3
160 243 50
123 170 44
58 211 42
156 228 1
26 107 5
99 151 54
72 116 19
197 176 26
114 116 18
53 41 50
106 119 71
223 180 54
151 148 9
134 46 54
14 189 65
54 69 7
124 77 37
103 235 59
179 134 63
31 227 7
160 248 8
190 77 13
153 104 23
247 157 73
6 78 19
55 205 56
107 109 12
22 79 9
47 180 36
196 120 16
19 191 66
236 104 51
30 182 8
18 69 75
229 128 7
40 84 31
58 19 72
86 242 65
52 236 72
128 23 57
249 203 25
34 116 53
40 47 25
207 35 61
237 51 9
244 230 29
180 213 38
239 130 62
233 166 53
230 224 18
221 120 63
225 149 61
168 164 60
87 203 30
74 87 15
57 210 38
199 4 16
129 235 13
94 91 40
74 224 57
56 243 17
6 104 32
124 165 58
227 129 29
112 104 71
169 139 32
40 217 2
156 206 78
93 17 65
8 222 68
145 221 6
43 45 31
11 114 16
195 154 51
89 208 48
193 64 73
60 206 72
204 247 8
217 104 51
9 149 17
33 95 44
175 76 73
61 186 63
38 206 26
169 32 68
103 188 52
72 90 17
213 200 24
30 127 12
113 172 9
92 199 4
120 22 8
123 219 79
9 79 76
182 11 67
183 123 63
221 51 13
96 55 58
150 198 66
120 122 63
4 145 1
166 87 7
192 23 49
83 192 76
157 79 47
84 184 70
133 201 3
58 57 65
245 72 33
95 111 43
112 98 42
213 152 8
43 126 37
151 168 22
67 104 65
178 170 65
132 73 52
235 209 7
5 163 21
116 147 12
28 106 58
159 226 40
160 153 67
232 30 41
23 136 55
151 228 21
22 122 73
111 173 26
56 139 73
207 214 41
216 63 30
129 9 48
93 1 13
198 41 20
45 137 36
180 15 9
116 176 29
84 16 42
5 135 42
2 194 77
164 237 25
68 58 78
176 48 51
63 153 26
83 181 48
208 81 39
138 198 14
206 30 29
124 109 14
112 135 14
141 174 9
228 161 28
190 127 75
222 161 25
181 164 13
60 199 40
211 226 25
244 158 4
63 31 35
216 167 49
5 122 30
130 214 75
63 137 71
200 180 6
213 21 36
28 176 14
200 153 38
39 171 50
171 5 25
245 112 21
131 167 72
123 110 76
5 133 56
152 220 30
203 131 58
204 249 69
180 50 45
162 25 10
206 9 44
233 68 58
42 91 56
106 86 50
128 38 45
93 169 79
128 64 50
138 94 16
18 146 54
163 156 69
97 82 34
150 11 18
126 142 68
241 199 2
162 90 39
65 72 26
140 230 71
103 117 13
231 5 46
215 14 73
194 59 33
136 13 72
236 11 13
176 221 56
122 170 2
61 229 45
131 76 7
15 224 19
140 180 42
106 77 75
24 116 63
170 161 54
150 14 16
79 17 12
233 86 28
197 110 68
53 15 12
231 110 34
44 148 49
217 187 27
249 34 54
206 207 25
87 63 2
145 29 35
98 217 56
39 106 60
225 217 59
93 79 7
221 112 23
19 199 49
201 100 44
87 181 7
240 88 36
180 6 74
140 55 70
247 5 72
16 136 28
49 168 7
48 164 7
119 25 4
149 25 36
34 212 78
27 119 53
219 115 52
100 207 21
105 2 40
202 27 32
206 103 13
199 100 37
25 157 44
242 151 71
241 110 57
95 165 40
202 176 22
165 187 62
196 202 60
180 94 23
67 166 49
241 28 29
31 201 38
40 189 28
208 3 65
63 94 26
6 34 30
157 158 35
48 122 15
137 66 16
123 94 50
69 173 27
57 143 71
202 113 17
116 124 34
121 154 53
90 199 53
72 192 30
68 220 42
123 158 77
18 20 56
210 231 47
165 236 18
21 154 35
248 178 76
7 153 62
95 23 24
41 110 46
120 45 60
162 220 79
215 239 31
134 123 61
64 61 13
98 236 79
199 108 42
114 186 1
11 243 34
9 239 49
162 85 47
240 89 65
228 107 58
202 152 61
165 44 74
187 136 62
193 213 70
168 90 3
192 186 66
53 231 14
85 114 56
108 103 59
184 237 30
136 50 14
120 168 47
151 173 62
155 113 13
40 38 52
185 249 66
239 207 43
191 127 55
61 28 73
66 242 68
57 36 50
179 23 17
78 214 9
170 162 71
188 12 58
37 126 58
78 86 25
201 3 42
2 64 6
109 167 66
192 183 6
222 123 30
13 91 21
195 126 50
122 52 3
36 2 66
191 66 76
39 60 61
218 148 44
164 167 74
124 160 48
83 144 19
75 145 68
112 39 61
42 106 47
184 183 73
167 132 68
18 223 36
6 139 76
20 8 52
117 20 6
93 58 9
3 73 73
246 124 15
52 181 1
236 207 65
61 55 71
182 142 3
62 47 27
161 53 49
247 152 60
184 234 44
29 104 56
111 65 57
210 140 1
52 158 14
93 199 39
69 119 53
201 107 79
79 118 62
193 216 56
29 123 65
38 143 29
237 142 16
141 31 77
137 163 29
128 164 71
15 52 1
80 243 32
18 22 36
246 81 67
6 25 33
78 91 78
212 159 4
214 98 24
162 240 25
102 190 71
247 203 76
173 156 4
140 124 19
151 242 45
228 28 35
243 248 47
211 199 75
162 126 77
158 65 11
80 152 59
137 246 39
157 124 69
233 40 17
88 168 56
238 208 13
142 43 42
191 227 74
241 211 50
23 64 18
79 50 53
146 61 77
247 205 3
199 119 10
42 132 43
157 33 76
42 122 71
89 41 74
62 140 14
90 163 53
26 41 14
126 3 38
191 23 78
210 101 53
176 53 23
139 249 50
90 246 46
201 132 25
118 92 75
54 46 76
203 14 7
50 143 5
151 145 54
132 9 29
4 39 8
161 207 7
13 38 5
147 17 8
118 16 10
51 157 72
233 21 61
234 90 19
204 135 37
126 159 62
182 118 46
187 26 41
119 206 46
103 184 11
121 29 60
20 76 43
223 1 20
182 118 67
85 232 55
187 188 56
243 163 8
39 203 61
105 32 30
112 103 53
79 162 68
195 234 2
182 137 1
134 248 11
198 120 30
107 46 39
215 184 75
164 129 33
242 155 14
147 51 10
167 178 13
201 48 67
98 16 73
231 2 32
249 37 19
141 205 62
112 90 62
202 44 35
81 179 1
67 143 56
216 95 75
7 119 35
217 213 7
205 10 19
58 35 11
14 142 16
146 4 30
161 167 14
36 217 71
156 83 9
186 221 39
14 65 6
40 43 12
125 64 58
183 150 34
70 114 61
147 200 49
54 145 9
58 201 49
34 51 4
97 8 72
109 63 26
171 122 65
8 84 38
9 67 17
50 169 45
170 6 64
195 148 12
146 53 68
199 121 3
239 190 18
85 58 49
125 230 76
46 215 42
65 142 35
106 234 15
217 212 73
110 34 68
35 154 66
58 202 5
65 189 65
216 3 64
185 48 75
86 61 12
156 83 40
150 152 40
67 217 69
101 91 6
249 235 72
102 225 72
116 136 39
90 227 7
76 193 64
9 214 67
249 209 48
101 44 54
241 195 12
108 58 57
62 106 14
217 232 61
169 19 62
175 198 6
61 7 37
70 73 55
147 142 46
196 236 54
191 37 76
194 20 26
73 111 27
135 240 71
126 243 71
152 184 2
155 175 43
218 75 30
239 21 39
120 34 21
83 123 49
185 131 40
66 223 64
175 229 18
62 184 21
34 221 59
47 185 40
65 222 29
43 6 60
81 72 25
121 43 38
246 236 58
199 235 36
108 52 79
153 112 54
215 54 42
91 174 56
26 224 36
210 221 51
188 37 26
28 78 67
58 128 54
182 204 43
10 75 8
214 224 62
122 222 26
156 97 63
74 203 4
74 49 33
187 87 45
63 205 45
236 196 12
80 206 71
50 227 28
79 201 68
145 70 42
86 89 44
149 231 70
14 166 29
66 31 9
20 36 15
43 182 43
248 147 27
197 37 44
45 183 74
80 35 67
55 217 57
154 212 58
162 9 63
175 183 14
50 208 34
219 78 11
14 229 26
40 214 43
41 62 34
191 123 43
115 228 54
181 150 48
173 130 78
123 104 32
153 45 6
37 195 34
44 20 65
118 237 46
206 201 5
168 180 44
205 189 24
124 50 18
239 69 47
111 234 75
102 162 25
71 186 3
112 173 54
207 98 49
156 99 46
203 168 26
174 192 26
93 225 48
126 88 39
53 136 70
142 65 61
128 47 22
29 53 76
202 170 71
163 64 32
129 209 11
114 146 38
92 196 15
237 116 45
217 146 20
37 52 8
222 108 16
28 243 47
232 76 47
19 48 15
64 12 25
50 219 8
96 52 76
47 120 12
10 3 46
71 98 71
61 23 60
156 43 33
62 239 49
227 102 59
212 45 71
187 96 26
155 71 5
23 34 41
142 237 3
119 163 20
77 142 54
112 195 51
18 195 78
159 77 64
171 246 5
50 38 18
97 135 36
137 18 45
233 155 5
6 98 34
203 217 75
44 99 16
93 208 55
163 217 43
197 138 21
102 248 73
10 135 43
180 137 46
148 13 69
63 149 78
246 27 33
161 144 47
157 67 38
187 36 72
207 84 37
162 59 68
169 208 51
164 191 19
52 204 14
62 102 25
60 27 7
13 171 57
117 32 58
226 94 41
107 156 79
43 83 12
58 154 31
86 225 21
24 6 45
100 162 32
11 53 46
27 112 58
36 45 25
233 229 76
223 206 47
141 249 3
23 179 59
50 42 67
130 21 79
201 102 17
147 12 77
124 246 29
217 13 68
133 156 58
27 36 47
137 199 56
121 62 1
249 197 63
144 104 52
202 8 11
161 64 2
103 131 51
201 22 70
134 172 77
115 183 26
32 62 60
155 200 62
204 215 10
47 186 18
214 156 41
153 34 33
24 86 19
50 60 33
221 68 52
25 229 40
50 88 52
10 43 41
136 17 26
158 23 51
200 213 43
173 185 40
127 29 34
26 97 17
120 148 25
173 108 55
147 15 11
143 132 12
64 233 2
148 193 58
155 35 70
82 202 22
235 136 38
92 56 69
62 163 11
70 121 62
11 127 5
60 192 34
37 129 57
47 136 42
98 249 30
5 209 65
165 117 55
231 147 48
170 132 49
107 65 70
243 184 51
177 67 65
78 87 34
86 153 47
28 203 6
59 178 53
65 64 14
173 143 77
203 220 52
74 71 27
11 140 61
132 214 58
204 226 55
125 190 41
118 79 50
186 143 12
103 173 74
208 199 27
86 227 2
98 7 41
221 81 67
59 131 51
140 111 40
99 40 68
91 238 20
56 16 20
10 196 44
239 210 79
18 194 46
15 62 17
63 30 64
202 208 49
56 117 50
64 100 73
46 112 54
219 244 27
184 225 42
227 126 78
71 27 4
17 131 8
85 166 5
53 112 2
229 246 61
104 139 36
96 229 52
133 54 55
40 47 2
83 28 13
143 139 49
235 148 30
16 147 1
105 114 59
184 238 39
217 200 61
83 38 6
182 97 17
49 206 13
247 66 69
123 210 48
223 180 66
78 16 48
85 30 27
239 115 64
238 235 15
104 79 58
108 46 45
103 29 68
156 210 79
194 172 53
136 238 45
127 95 52
200 96 28
68 236 76
70 222 37
137 72 38
231 206 42
27 143 71
227 166 8
4 64 56
142 41 1
94 201 72
64 220 21
128 90 10
78 132 17
85 181 28
212 131 35
59 223 73
160 148 31
51 207 29
119 64 32
16 186 15
236 135 79
130 26 72
232 29 48
194 208 75
137 42 9
185 5 21
144 91 18
107 35 2
44 17 62
29 77 65
122 190 13
236 19 65
99 40 43
28 75 64
235 247 3
40 33 49
217 30 46
57 48 34
137 123 26
54 7 5
243 57 51
95 4 33
118 189 46
177 188 14
19 220 44
249 190 31
152 213 40
86 164 28
165 229 17
2 185 75
43 240 61
50 62 8
165 237 51
192 227 78
94 143 26
98 11 36
120 19 51
112 177 2
211 119 58
150 123 58
15 172 43
247 53 32
9 147 60
119 28 2
223 32 59
46 156 73
119 145 8
72 75 27
153 52 24
36 87 6
85 144 4
53 182 4
217 241 23
155 104 39
168 6 57
112 229 54
107 112 27
244 221 8
145 148 17
201 3 67
168 231 3
175 241 3
6 184 67
182 24 63
172 7 20
213 70 64
79 135 8
2 16 7
229 154 20
248 65 73
204 197 48
177 89 42
99 4 71
213 40 25
140 166 15
219 13 31
176 54 23
178 219 60
186 32 20
167 178 14
7 117 1
209 122 53
73 57 56
189 100 56
192 132 76
236 55 39
182 113 39
89 32 76
98 50 53
105 14 39
110 149 6
170 1 36
205 73 74
131 190 72
72 188 73
38 218 77
127 44 33
74 57 18
33 176 63
236 216 32
207 197 55
75 63 47
105 122 21
58 70 78
244 117 52
88 126 60
143 98 13
157 14 69
137 197 27
16 186 32
135 103 73
217 58 79
1 34 30
101 41 36
2 213 26
171 13 29
67 44 74
15 203 28
247 66 54
170 70 16
216 132 14
131 125 79
68 67 62
37 164 28
89 24 35
4 189 25
64 126 41
235 52 77
124 89 33
20 211 69
58 186 7
169 237 56
199 86 33
77 235 75
202 110 46
84 209 63
181 54 69
141 88 2
184 140 38
25 167 28
218 146 16
208 121 78
75 70 78
117 30 6
61 239 39
216 168 4
242 88 75
147 27 76
70 48 34
151 103 16
225 168 39
200 180 7
98 237 41
186 204 64
180 246 68
14 175 32
40 57 52
2 117 78
248 60 31
117 152 25
73 165 64
2 14 63
90 164 57
172 9 69
174 48 31
9 34 39
36 51 45
197 78 56
115 220 27
44 102 12
76 142 21
56 127 35
81 51 54
142 42 42
50 182 52
64 181 22
112 218 74
48 181 55
198 7 28
99 71 55
34 219 50
172 147 43
90 52 24
98 12 59
122 195 75
107 98 2
189 107 64
219 77 78
42 70 31
43 239 71
64 31 41
176 49 19
78 125 32
92 85 57
212 52 32
25 21 18
76 43 18
135 141 14
93 26 52
246 121 45
72 240 44
23 182 57
50 158 59
83 231 2
199 177 57
125 127 50
35 190 61
39 93 7
117 136 73
32 26 64
184 158 29
197 51 1
109 92 57
206 106 75
85 115 35
196 99 11
65 115 50
174 96 41
108 156 30
67 201 26
82 152 69
123 113 47
4 151 1
6 163 11
244 95 77
212 58 24
35 228 69
219 232 10
64 18 72
97 111 42
50 230 5
217 106 53
244 15 58
134 36 24
158 22 56
51 55 41
67 218 21
9 41 13
16 72 25
214 27 3
148 7 50
28 18 12
133 2 47
212 220 64
7 134 55
145 76 47
21 191 8
11 162 18
195 94 25
19 219 36
218 233 32
156 137 46
9 98 21
219 139 35
28 160 55
232 116 79
135 60 61
106 167 38
241 120 22
178 3 25
43 108 41
93 20 2
173 146 20
26 194 70
160 118 56
231 50 47
184 49 72
67 78 69
140 26 8
144 221 35
115 247 18
89 18 30
145 85 29
200 34 65
229 112 50
14 237 53
5 33 17
28 123 6
70 49 46
48 229 60
226 127 18
144 97 10
38 169 20
103 15 38
242 189 19
54 97 73
181 54 21
151 119 38
204 178 39
42 141 37
79 232 19
130 183 13
82 238 21
69 12 19
179 72 40
135 1 22
57 178 26
111 13 39
194 209 41
145 75 1
223 117 12
92 157 19
32 174 1
162 34 5
1 101 73
75 226 58
156 101 53
31 133 52
138 99 75
115 187 27
89 106 50
18 165 31
247 213 52
151 156 17
223 208 42
181 96 57
217 202 59
81 150 5
124 244 63
19 48 38
22 137 39
136 140 7
101 118 12
153 145 21
165 183 16
45 211 13
103 231 52
57 91 58
29 153 30
15 180 1
243 99 51
233 6 20
55 62 42
239 129 60
101 123 6
5 200 29
101 215 30
34 145 28
162 131 55
225 178 76
97 63 49
227 61 48
195 48 1
14 120 65
50 3 21
90 19 63
229 124 63
66 171 70
98 16 42
151 54 56
123 164 70
214 126 45
15 200 64
236 206 13
68 29 54
145 154 75
150 170 22
123 166 74
212 213 78
11 138 66
152 232 39
37 192 42
7 167 58
208 67 54
13 94 25
247 129 53
51 148 10
92 156 45
114 81 65
11 138 25
65 88 56
79 73 71
249 17 73
85 198 75
235 44 53
45 135 7
79 116 8
57 23 23
195 225 41
100 207 3
8 16 54
63 60 23
166 182 72
200 113 38
212 53 77
233 139 50
185 141 77
28 244 45
196 166 42
167 25 35
133 239 22
228 100 46
122 96 70
59 97 18
166 156 60
197 185 67
220 78 32
114 199 75
193 91 29
130 148 9
184 111 75
236 194 32
182 213 14
61 12 24
166 111 9
35 175 20
42 32 47
59 12 56
130 14 35
176 131 42
237 110 72
155 5 28
181 119 11
187 153 40
126 178 47
65 218 70
61 198 27
201 170 69
77 124 69
75 110 14
134 131 73
191 188 43
243 159 78
215 90 2
213 194 61
95 156 57
110 208 42
126 35 58
218 205 55
99 204 74
45 169 69
48 176 19
4 26 1
48 204 14
35 82 53
136 191 29
243 145 74
247 166 11
225 164 38
191 42 5
219 197 12
29 160 43
72 124 64
233 15 38
77 206 27
240 135 54
98 139 38
203 204 24
243 72 32
60 169 78
228 151 77
75 124 50
167 84 47
40 232 71
144 14 45
178 130 39
223 53 72
26 15 36
175 31 9
63 135 12
225 57 58
135 165 46
137 57 27
28 199 10
225 102 33
44 111 56
40 51 65
203 236 12
214 88 10
215 68 59
78 18 69
92 72 22
74 46 1
60 46 44
210 118 43
89 24 42
140 115 12
194 175 65
242 145 17
21 63 58
247 112 57
20 82 70
185 159 4
8 87 2
169 53 74
144 235 34
182 101 17
76 195 55
14 117 49
207 214 27
240 128 75
66 249 49
183 234 6
8 232 16
119 19 64
82 179 76
158 70 8
93 158 7
86 64 45
140 108 16
151 158 57
49 54 43
154 225 33
183 74 34
153 19 69
38 195 57
10 9 39
38 67 31
184 198 22
85 199 14
232 116 47
79 102 77
81 109 10
188 131 33
125 31 47
90 245 54
193 13 38
46 103 74
183 64 34
237 181 47
184 14 21
223 21 21
75 195 76
160 68 78
168 71 24
70 33 77
164 226 57
67 35 48
102 36 6
185 11 78
42 13 68
32 107 69
38 163 6
4 211 53
37 238 57
47 204 6
57 108 21
85 77 33
56 75 79
78 36 31
156 232 59
52 136 31
64 240 76
68 59 25
133 234 65
242 178 38
182 133 74
21 198 36
231 159 24
197 124 21
10 128 70
3 247 21
212 175 65
233 158 69
63 214 50
148 100 32
131 119 72
97 48 73
77 83 10
194 98 74
235 55 49
54 29 28
53 3 4
43 16 40
17 245 1
34 166 41
233 86 20
34 33 33
63 192 30
178 31 49
86 223 19
91 245 9
149 227 50
69 249 20
26 15 20
61 58 6
149 241 27
188 35 41
17 238 33
6 92 33
54 94 39
204 105 46
151 171 72
48 240 62
67 178 40
67 231 60
138 217 63
163 45 73
133 97 38
76 32 22
236 249 59
203 89 56
118 23 47
14 213 20
54 134 59
133 180 50
163 180 1
224 64 37
43 192 15
46 115 27
39 6 18
21 132 23
75 241 76
43 182 60
206 118 65
204 76 22
132 154 69
63 81 61
227 29 28
212 228 79
104 19 64
242 58 8
21 216 58
178 175 36
214 243 43
48 81 34
11 189 42
27 86 40
227 126 6
136 177 73
166 93 17
159 55 53
242 218 33
219 6 77
72 24 49
230 7 26
33 159 43
241 234 76
52 85 35
29 171 31
210 194 24
153 30 27
8 2 17
12 136 21
236 135 43
217 47 67
102 207 61
149 205 68
182 215 35
90 120 23
28 231 73
170 95 22
49 208 45
49 170 53
23 241 12
76 78 12
185 193 16
191 91 35
104 14 73
244 213 25
248 88 71
38 227 45
173 41 51
167 178 28
185 125 57
52 131 41
168 211 9
35 236 76
192 154 37
141 73 20
222 140 26
35 115 23
109 213 1
199 217 32
126 23 41
17 37 44
194 228 48
120 21 38
3 71 35
67 47 50
75 186 67
197 242 72
15 243 28
196 168 1
220 210 19
30 163 54
49 191 35
127 204 3
50 10 60
243 165 40
98 52 21
84 148 47
57 174 58
178 108 78
101 216 36
102 110 13
113 216 53
163 67 3
172 118 12
55 218 33
134 229 38
166 79 22
37 55 39
7 26 41
42 69 50
201 188 18
85 35 70
156 249 3
194 239 66
179 151 4
164 78 78
48 24 78
131 47 75
14 140 50
218 165 39
7 97 37
221 102 76
205 245 47
170 106 34
36 143 75
150 73 58
187 181 57
40 246 46
194 57 53
145 212 48
131 47 69
102 156 53
105 128 14
193 82 5
58 211 26
100 90 66
156 61 14
71 162 74
198 129 12
181 232 13
125 246 36
229 202 41
160 126 72
40 222 52
209 41 10
189 215 5
94 83 42
226 244 24
64 171 10
248 98 25
24 201 42
60 53 78
148 159 12
99 11 39
220 122 66
122 220 66
199 212 15
179 106 69
103 9 46
153 195 43
237 79 65
69 247 25
238 99 50
62 148 76
46 207 52
190 40 55
156 119 21
98 243 54
88 236 58
228 109 73
139 26 4
42 49 5
195 115 8
99 159 49
40 249 64
10 159 27
97 230 11
227 240 3
3 164 45
70 93 26
197 77 32
140 11 44
206 248 57
67 82 42
247 149 53
201 183 70
125 8 76
199 238 45
13 83 78
160 189 41
98 123 11
19 193 64
139 241 60
238 189 67
130 89 13
209 180 9
72 126 51
177 115 18
160 9 21
17 52 29
28 152 29
248 122 16
65 139 55
121 158 21
95 41 17
165 202 25
184 89 57
70 118 66
209 244 53
61 238 24
4 40 33
129 95 73
131 182 33
237 133 65
106 199 79
50 185 32
50 91 31
174 232 55
197 172 13
136 66 39
115 29 36
152 206 28
84 7 31
14 129 70
76 24 67
190 51 29
2 189 60
138 116 38
54 110 56
93 77 76
72 142 49
185 212 13
17 69 24
47 185 45
15 92 44
156 213 17
22 239 13
86 225 65
214 241 79
192 21 6
163 167 67
222 73 46
106 212 20
199 198 60
245 120 66
216 238 28
77 29 3
4 34 74
140 203 18
216 245 59
7 90 37
201 156 15
231 50 22
152 35 39
209 122 8
127 167 2
244 45 48
69 180 66
62 63 28
17 127 58
107 220 2
192 103 64
121 52 63
41 74 37
131 171 50
178 52 21
114 117 71
236 133 8
234 202 27
62 130 51
125 195 5
25 169 77
146 199 40
200 242 67
200 230 33
68 86 34
37 11 12
13 225 13
245 79 38
170 88 8
114 81 2
137 236 14
105 95 16
187 122 31
26 70 53
124 8 60
28 140 4
166 25 69
21 156 55
133 102 7
237 56 7
163 89 44
206 151 7
119 141 24
135 173 54
221 1 69
213 138 37
201 167 15
79 192 34
120 173 51
101 166 77
82 150 53
164 69 68
8 124 60
93 6 41
206 151 18
88 110 62
132 9 33
49 187 1
2 204 19
18 6 16
27 96 1
131 109 26
126 242 10
80 178 59
75 120 26
8 22 16
122 65 9
105 139 19
214 128 26
80 36 2
15 247 41
18 51 15
171 175 61
123 24 5
142 169 10
102 74 39
208 58 77
11 53 59
123 28 11
230 174 65
171 102 40
102 125 33
179 50 20
66 191 36
51 182 66
20 112 54
50 240 50
140 142 51
45 108 36
59 183 40
232 89 22
64 216 61
147 15 40
221 148 76
74 41 22
172 219 26
20 243 3
172 127 68
197 61 40
231 234 25
145 107 51
34 207 63
103 240 53
10 95 29
64 50 22
128 202 39
199 216 65
237 28 48
68 191 68
49 238 13
105 196 57
100 42 33
201 174 33
73 26 15
160 28 19
224 209 16
155 55 16
152 28 2
77 143 21
59 55 4
39 66 42
39 64 27
39 75 18
141 134 47
105 159 30
162 5 24
208 245 63
29 112 61
91 66 79
225 248 55
68 209 35
149 127 22
102 29 32
56 222 23
192 187 54
1 186 29
177 117 41
181 70 36
176 104 10
18 154 38
50 137 16
169 35 66
189 127 34
2 175 75
3 236 62
38 161 50
39 247 61
141 82 1
30 40 27
163 213 38
16 166 58
90 75 29
132 14 60
88 191 4
110 14 37
188 18 5
202 200 40
29 231 73
47 22 59
16 107 13
230 204 29
153 157 58
9 159 52
109 33 34
200 243 76
103 72 77
41 160 47
90 211 18
222 242 31
93 108 70
45 27 27
144 76 71
238 196 78
18 213 22
214 92 78
109 184 68
92 236 1
199 158 74
187 8 22
96 210 36
245 53 8
