106
2 2 2 3
1 4 2 4
2 4 2 5
1 5 2 5
2 5 2 6
1 6 2 6
2 7 2 8
1 8 1 9
1 11 1 12
2 11 2 12
1 12 1 13
1 13 2 13
1 14 2 14
1 15 1 16
1 15 2 15
2 16 2 17
2 17 2 18
1 18 1 19
1 18 2 18
2 18 2 19
1 19 1 20
1 20 1 21
2 21 2 22
2 22 2 23
1 23 2 23
1 24 1 25
2 24 2 25
2 25 2 26
1 26 1 27
1 31 1 32
1 32 1 33
1 32 2 32
2 32 2 33
1 33 2 33
1 34 1 35
1 34 2 34
1 35 2 35
2 37 2 38
1 41 1 42
1 43 1 44
2 43 2 44
1 44 1 45
1 44 2 44
1 46 2 46
2 46 2 47
2 47 2 48
1 48 2 48
1 49 1 50
1 49 2 49
1 51 1 52
1 51 2 51
1 52 1 53
2 54 2 55
1 56 1 57
2 56 2 57
2 57 2 58
1 59 1 60
1 60 1 61
1 61 1 62
1 61 2 61
2 61 2 62
1 62 1 63
2 62 2 63
1 63 2 63
1 64 1 65
1 64 2 64
1 65 1 66
2 65 2 66
1 67 1 68
1 68 1 69
1 68 2 68
2 68 2 69
1 69 1 70
2 69 2 70
2 70 2 71
1 71 2 71
1 72 1 73
1 72 2 72
2 72 2 73
1 73 1 74
1 73 2 73
2 74 2 75
1 75 2 75
2 75 2 76
1 76 1 77
1 77 2 77
1 78 2 78
1 79 1 80
1 81 2 81
1 82 1 83
1 82 2 82
2 82 2 83
1 85 1 86
1 88 2 88
1 89 2 89
1 90 2 90
2 90 2 91
1 91 1 92
1 91 2 91
1 92 1 93
2 94 2 95
1 95 1 96
2 95 2 96
1 97 1 98
2 97 2 98
2 98 2 99
