85 100 100
9 3 7 23 24 29 33 65 91 92 99 5 24 94
6 5 16 33 52 60 78 80 16 29 46 60 62
5 6 35 71 88 91 94 10 38 61 62 91 98
8 3 9 20 38 48 52 55 98 100 10 19 96
2 0 53 64
7 4 10 15 50 51 73 78 90 25 38 50 58
2 3 28 32 21 45 60
3 4 89 92 95 37 42 46 54
1 3 84 22 42 56
5 3 9 32 80 81 84 46 80 99
6 6 16 18 35 67 73 75 14 24 30 82 98 99
1 5 81 8 12 24 37 56
4 3 7 20 25 48 6 60 67
7 5 18 30 34 37 44 83 85 27 28 44 60 86
3 5 25 68 92 9 29 38 51 59
7 11 12 19 53 63 68 78 81 6 7 15 44 47 51 54 89 94 98 100
8 7 2 7 15 27 33 37 65 69 12 26 59 63 71 96 97
7 3 9 44 51 57 68 70 95 14 31 58
3 3 12 63 72 27 78 95
2 9 12 98 13 32 61 64 76 77 89 97 100
11 6 3 7 11 14 18 31 38 41 70 81 97 5 11 33 54 96 100
4 6 42 44 59 93 7 13 46 58 65 78
3 7 26 41 77 11 18 45 53 56 63 76
4 11 16 28 46 94 34 35 46 51 56 72 75 76 83 88 99
4 5 48 55 68 70 6 33 34 45 55
7 4 17 24 25 40 51 61 79 32 59 60 98
3 2 15 25 46 55 72
4 4 25 36 39 93 1 11 43 98
5 2 27 49 54 66 91 17 87
8 4 3 12 24 36 45 57 65 87 32 37 43 72
5 8 2 21 22 88 100 7 10 26 28 31 71 78 92
8 3 6 22 41 44 54 91 92 100 10 12 78
2 8 66 81 18 27 30 38 60 86 95 99
2 8 39 74 16 19 25 35 38 47 56 86
4 5 23 63 78 90 8 14 22 26 78
3 7 31 36 60 6 10 38 69 70 89 92
6 8 29 42 60 61 66 67 26 46 52 57 68 69 83 91
3 6 9 14 75 20 48 60 61 74 91
6 7 2 17 55 73 87 89 23 32 49 61 74 86 93
4 3 8 38 71 97 18 35 56
6 8 12 39 48 59 64 85 3 8 36 46 47 56 63 70
7 8 6 17 31 37 53 70 95 20 21 34 55 56 70 80 86
8 7 19 47 53 60 63 78 84 90 11 17 26 38 43 66 83
5 5 49 82 85 90 96 13 18 30 63 76
3 4 24 35 95 32 45 68 80
4 3 11 33 41 69 26 79 80
5 7 15 20 42 64 97 4 20 26 64 68 82 97
5 6 4 8 9 14 37 3 54 55 66 67 82
3 5 19 29 82 25 46 64 66 69
8 6 5 7 29 35 39 55 85 88 33 40 44 57 78 94
4 12 4 80 86 99 12 19 25 26 44 46 49 51 81 98 99 100
4 3 24 39 51 100 39 83 92
4 6 12 44 61 70 3 32 61 64 70 72
5 5 7 10 20 53 97 4 13 18 22 75
5 6 26 37 38 67 72 23 29 37 50 83 84
6 4 1 32 54 64 76 77 44 45 51 92
4 2 57 69 81 92 24 82
1 4 3 5 36 46 66
9 8 2 3 19 24 30 31 39 41 55 5 22 32 48 55 67 96 100
7 5 38 41 45 52 69 79 91 16 52 74 77 94
5 1 18 24 33 81 99 57
6 5 4 24 35 63 75 77 10 18 66 67 83
2 6 8 61 7 19 48 55 67 68
4 4 22 45 52 96 63 79 92 100
5 3 41 50 70 74 99 31 80 88
5 1 13 23 54 56 81 7
2 8 10 40 3 4 42 60 69 75 79 82
6 5 2 18 29 35 47 74 9 13 14 65 94
5 5 27 33 41 67 100 9 44 47 52 67
3 6 28 59 85 32 42 55 60 63 100
4 8 7 22 77 88 7 8 26 38 58 61 76 78
5 2 15 46 51 56 94 1 100
5 6 51 60 71 88 94 5 7 57 59 69 73
3 6 57 83 88 7 24 56 61 63 89
6 2 3 29 38 48 65 93 4 35
3 2 31 40 92 41 64
5 4 4 5 49 60 86 26 49 55 88
10 5 9 18 20 39 50 54 60 71 80 93 17 31 53 69 87
6 5 12 24 31 43 46 59 11 16 19 54 99
4 7 10 52 58 74 8 38 45 78 84 92 97
3 7 9 26 91 14 18 25 29 56 63 80
4 6 49 61 76 95 24 33 40 42 63 95
4 6 28 70 74 97 23 46 48 50 58 72
5 6 12 43 50 71 88 6 30 32 38 45 63
5 7 8 13 24 25 91 32 39 43 46 58 68 97
