90 100 100
8 2 7 23 24 29 33 65 91 99 25 38
5 3 16 33 52 60 78 21 45 60
5 4 35 71 88 91 94 37 42 46 54
7 3 20 38 48 52 55 98 100 22 42 56
2 1 53 64 80
5 6 15 51 73 78 90 14 24 30 82 98 99
2 4 28 32 12 24 37 56
2 1 92 95 60
1 2 84 60 86
4 3 9 32 81 84 29 38 51
6 10 16 18 35 67 73 75 6 7 15 44 47 51 54 89 94 100
1 4 81 26 59 71 97
4 3 7 20 25 48 14 31 58
6 1 30 34 37 44 83 85 95
3 9 25 68 92 13 32 61 64 76 77 89 97 100
7 6 12 19 53 63 68 78 81 5 11 33 54 96 100
8 6 2 7 15 27 33 37 65 69 7 13 46 58 65 78
6 7 9 44 51 57 68 70 11 18 45 53 56 63 76
3 9 12 63 72 34 35 46 51 72 75 76 83 99
2 2 12 98 33 45
11 2 3 7 11 14 18 31 38 41 70 81 97 32 59
4 2 42 44 59 93 55 72
3 3 26 41 77 11 43 98
1 2 28 17 87
4 3 48 55 68 70 37 43 72
5 6 17 24 51 61 79 7 10 28 71 78 92
2 1 15 25 12
3 4 25 39 93 27 60 86 99
4 7 27 54 66 91 16 19 25 35 38 56 86
3 4 3 45 65 8 22 26 78
3 5 2 22 88 6 10 38 89 92
7 6 6 22 41 44 91 92 100 26 52 57 68 83 91
1 3 66 20 60 61
2 4 39 74 23 49 61 86
3 3 23 78 90 18 35 56
3 6 31 36 60 8 36 46 47 56 63
5 7 29 60 61 66 67 20 34 55 56 70 80 86
1 6 75 11 17 26 38 43 66
6 5 2 17 55 73 87 89 13 18 30 63 76
4 3 8 38 71 97 32 45 80
5 3 12 39 48 59 85 26 79 80
5 6 6 17 37 53 95 4 20 26 68 82 97
7 4 19 47 53 60 63 84 90 3 66 67 82
4 5 49 82 85 90 25 46 64 66 69
2 4 35 95 40 44 78 94
3 10 11 41 69 12 19 26 44 46 49 51 81 99 100
3 3 20 42 64 39 83 92
5 3 4 8 9 14 37 3 61 70
1 3 82 4 13 22
6 6 5 29 35 39 55 88 23 29 37 50 83 84
2 4 4 86 44 45 51 92
3 2 24 39 51 24 82
3 4 12 61 70 5 36 46 66
4 6 7 10 20 53 5 22 32 48 55 100
4 5 26 37 38 67 16 52 74 77 94
4 1 32 54 64 76 57
2 3 57 69 10 66 83
1 4 3 7 19 48 68
9 3 2 3 19 24 30 31 39 41 55 63 92 100
4 3 41 45 52 91 31 80 88
3 1 18 24 99 7
5 6 4 24 35 63 77 3 4 42 60 79 82
1 5 8 9 13 14 65 94
4 5 22 45 52 96 9 44 47 52 67
2 4 41 74 32 42 60 100
2 8 13 23 7 8 26 38 58 61 76 78
0 2 1 100
5 4 18 29 35 47 74 5 59 69 73
4 4 33 41 67 100 7 56 61 63
3 1 28 59 85 4
4 2 7 22 77 88 41 64
4 4 15 46 51 94 26 49 55 88
2 5 88 94 17 31 53 69 87
2 4 57 88 11 16 19 54
5 6 3 29 38 48 65 8 38 45 78 92 97
3 6 31 40 92 14 18 25 29 56 80
3 5 5 60 86 33 40 42 63 95
9 4 9 18 20 39 50 60 71 80 93 46 48 58 72
5 5 12 24 31 43 59 6 32 38 45 63
4 5 10 52 58 74 39 43 46 58 97
0 1 79
4 5 49 61 76 95 9 55 56 62 71
4 5 28 70 74 97 27 36 40 76 84
3 6 12 43 88 39 63 64 69 74 87
2 7 8 24 6 38 42 60 63 70 98
2 6 24 94 30 58 62 75 76 80
3 5 16 60 62 7 42 69 78 80
5 2 10 38 61 62 98 48 63
3 2 10 19 96 11 56
0 1 85
