5000 90
663 1454
782 1189
752 953
550 33
815 1263
993 1904
642 275
239 1696
450 1933
991 925
326 56
940 602
245 47
833 2191
686 1540
668 1328
989 2062
62 2193
857 2469
33 2133
362 935
954 1040
586 185
201 1845
557 2382
222 814
486 1096
717 449
847 702
962 1076
445 825
656 1000
192 912
269 676
500 15
410 101
430 1487
270 593
530 844
459 1411
401 256
279 2017
3 1332
610 1422
632 2434
404 2099
844 1007
534 1611
816 1933
214 1919
224 2440
912 1032
389 2444
16 2140
665 1058
126 919
984 847
864 1544
443 477
237 469
359 2245
693 2252
665 2405
943 672
715 914
855 299
772 1424
300 791
971 2103
899 1520
475 641
275 2433
647 987
666 194
278 1893
596 1583
507 2170
617 1854
811 1268
966 1935
988 880
866 1831
198 2292
404 944
778 519
548 191
512 133
403 663
572 358
28 1552
