2000 80
347 348
29 844
224 410
356 282
306 945
389 868
117 691
105 500
108 768
365 67
30 667
378 747
124 63
142 676
118 353
42 32
240 649
380 914
219 211
129 997
160 712
377 995
340 918
240 633
357 209
328 806
208 425
395 228
93 845
373 193
377 40
116 589
163 325
215 525
231 520
67 450
161 600
6 413
199 208
380 831
36 124
382 280
310 22
272 63
153 713
172 747
280 748
87 107
389 470
45 654
279 427
270 803
358 365
287 913
116 804
71 676
289 498
379 251
52 735
252 951
393 760
119 388
173 170
99 556
291 614
13 105
239 839
225 917
318 961
57 180
8 40
19 552
171 620
144 184
90 989
304 597
169 778
72 688
226 56
49 591
