10000 100
1224 1965
351 2993
1269 1985
6 3885
865 3947
1427 22
504 108
1510 3134
485 4461
1739 2925
1360 270
694 2520
1133 2653
1197 1226
757 1102
588 2749
1685 818
1645 3384
1824 3162
220 3136
82 2482
536 2511
1285 2498
719 1473
267 4774
1532 1670
670 1917
1149 1297
1006 4913
1583 3494
1812 3625
996 1812
789 4320
1348 2383
1289 3184
1939 4940
1896 3947
443 3797
489 4890
1568 3428
340 910
944 3997
1800 2720
58 3492
917 4396
1785 145
1030 4016
1426 225
1853 3129
1282 4840
1668 4897
11 3869
1654 2383
874 1009
1792 2228
44 111
1688 631
327 2581
1552 1629
1796 2751
1736 4475
1192 3513
17 4627
1670 2449
317 381
1059 2545
867 558
1845 780
923 3121
314 3552
957 225
1556 4473
1473 3527
1508 1436
37 3639
993 571
1280 2333
1205 1336
125 3410
1907 4184
1611 2424
1229 4314
913 3462
487 1690
517 3764
599 813
1378 4795
1856 3502
39 3639
1125 3892
1340 951
1611 1980
114 4640
626 2676
78 711
235 1682
555 3960
45 2494
336 4271
933 890
