1
50 100 10
36 12 384
33 24 3900
5 14 3354
5 7 9
21 37 727
43 19 6717
20 22 5295
23 44 4746
35 33 3765
46 32 9214
22 47 756
46 22 667
5 46 8284
1 26 826
26 44 7545
23 21 1518
33 4 963
29 30 8912
41 41 1586
26 49 1889
13 32 7405
9 36 7816
45 49 1716
30 45 6694
29 14 724
24 28 8008
23 28 2165
1 50 2028
20 30 4889
44 44 2493
21 1 9973
7 37 4839
1 11 3228
20 49 5844
47 44 4206
50 11 8547
6 32 4391
40 16 308
38 36 3685
16 26 6522
34 36 629
7 29 3458
22 6 9656
43 6 7664
50 1 4392
43 4 6385
22 44 777
20 2 133
8 7 5418
34 24 7470
6 15 5688
9 33 6206
16 20 5184
25 50 1875
21 13 352
26 12 6261
32 37 5176
21 47 254
22 41 6372
42 16 8734
17 50 3447
42 11 9816
25 28 7005
13 45 8013
34 41 3970
19 41 5169
35 13 8996
46 33 9277
48 29 3772
14 40 7971
12 45 7816
24 45 5746
2 2 5974
9 13 5041
19 2 3256
39 32 8967
19 43 700
15 24 4495
38 6 3617
15 1 9058
50 37 8112
10 26 3550
40 45 8266
6 27 7979
31 18 578
34 28 4978
1 27 1480
39 15 9290
24 24 6253
45 21 3162
22 27 5606
19 27 6222
47 18 2689
18 8 1186
17 29 4923
11 17 2245
35 47 354
45 41 1685
25 2 1624
33 50 4224
31 14 101
50 29 837
35 31 1263
33 26 1215
24 43 1628
16 31 708
16 26 754
44 19 104
