20 100 100
9 5 100021 9
13 2 15494 6
7 2 554278 4
9 6 124571 5
0 14 676140 7
6 12 654606 2
9 8 784977 6
16 1 516799 6
1 9 99285 10
11 9 494147 1
10 9 131431 4
4 15 438023 8
7 6 567161 9
7 4 714182 8
8 8 775401 9
0 11 691135 3
3 7 961477 1
2 7 3492 1
15 4 132371 10
2 5 543505 4
0 8 622866 4
10 1 829199 1
11 7 728432 10
0 20 333168 4
12 2 673133 6
11 1 12126 3
0 9 655103 5
13 2 907422 6
2 7 198608 1
9 11 849327 8
12 7 184238 8
3 10 288182 1
5 14 263692 4
0 20 707713 1
4 1 992194 1
7 7 919010 3
7 5 366647 7
10 6 954642 5
10 6 109249 6
1 4 510451 2
12 1 363271 1
0 13 716695 6
12 1 706326 1
6 11 216166 10
8 1 339591 1
10 3 465240 9
6 9 576171 8
6 7 213425 7
3 11 419922 1
8 7 290793 6
1 18 977548 9
2 13 645915 9
13 1 563705 5
1 3 557248 6
17 1 588366 6
16 3 662748 5
17 1 181570 1
15 1 493452 10
11 1 497249 5
12 1 609309 4
3 10 532036 7
9 2 119139 6
0 7 256760 2
13 6 880848 7
14 3 897565 2
6 10 224786 4
6 4 343450 8
8 12 255636 3
4 8 179102 10
4 4 969990 3
11 7 460945 9
6 7 827729 4
1 6 836545 3
9 10 557785 9
9 4 667185 6
1 4 225923 6
6 1 446033 1
6 12 718000 5
11 1 172854 8
8 12 241144 1
7 5 440969 3
13 1 779501 2
12 5 392293 1
10 10 9891 9
4 7 474855 5
7 3 922785 4
4 3 852880 5
12 7 722484 4
11 8 294837 7
2 5 237497 2
0 7 37845 1
14 1 496795 6
1 12 708712 9
9 6 237695 4
2 16 13311 4
1 12 474345 9
7 13 185399 4
1 14 942550 3
7 1 714330 7
7 9 627529 5
