1000 2000 1000
871 104 72436 3
89 733 880361 4
449 99 796144 4
609 285 223621 5
721 130 541354 4
153 444 488061 9
150 514 852631 9
394 53 292027 2
492 25 668670 10
173 514 847655 9
15 729 660722 1
390 212 965925 9
42 260 473518 4
235 378 153660 8
732 90 584964 2
264 717 735963 6
388 522 479029 4
610 196 532287 6
0 367 166662 7
143 474 630309 7
280 31 87088 8
367 408 784427 7
301 438 746633 6
175 600 22357 4
198 190 864189 6
447 257 914035 3
36 590 22082 10
357 135 935520 6
227 129 562744 9
704 237 162756 2
379 570 654253 3
403 458 894878 9
117 197 887809 10
602 318 232856 8
573 92 362424 5
195 393 113054 3
824 45 396727 1
478 482 540175 2
907 9 824098 9
28 771 145220 6
426 65 553914 6
336 485 238200 2
444 38 241950 5
599 188 418821 4
694 250 650761 7
450 171 765348 6
128 101 74362 3
146 586 823684 10
97 31 58286 6
428 180 601305 10
154 441 242020 1
62 150 424262 9
464 237 912648 4
323 334 964288 6
56 686 668202 7
344 158 682636 3
173 454 81020 6
233 237 179776 7
34 550 796425 1
135 689 101948 8
707 89 432194 6
873 124 776916 4
105 359 146966 9
250 647 921569 6
370 193 971710 6
24 221 687439 6
91 845 882266 1
505 405 73336 2
416 334 637952 1
324 141 135770 10
120 55 496856 9
42 104 802416 5
358 225 409833 10
503 348 625107 1
401 151 897370 8
416 550 330895 9
594 174 708952 6
928 11 662759 4
504 402 34295 4
227 283 831488 1
351 549 989834 5
230 521 187772 2
631 352 259573 1
191 282 305998 3
108 642 185978 10
210 536 846707 9
966 4 275943 6
162 578 190467 5
398 364 254860 6
306 106 348600 2
0 415 262070 2
490 51 816897 2
411 32 952066 5
141 575 429615 8
601 80 719256 6
199 344 454316 4
120 802 262162 2
402 531 239956 5
66 848 962709 9
272 578 142229 10
64 149 534155 9
51 828 654182 3
339 441 64138 1
92 841 937120 8
238 667 369997 2
299 194 285625 10
533 398 192625 5
328 223 486501 9
401 368 846839 6
6 145 952197 7
144 596 350005 10
66 413 901759 10
46 947 930376 6
280 351 632972 1
951 39 177617 5
360 534 768460 8
38 418 798840 2
189 287 869967 1
146 754 927148 3
341 457 745142 5
383 336 656796 9
399 525 758155 4
30 483 373746 5
269 15 743502 8
333 420 301215 7
212 38 222929 3
459 313 341178 6
8 703 762674 9
479 314 992581 10
759 104 66388 10
67 324 54278 3
150 526 959665 3
436 129 833869 5
24 652 66167 2
796 192 378643 6
267 678 855697 10
339 162 817519 3
162 213 253003 6
168 786 942121 9
154 373 211606 6
227 83 478542 5
395 325 528256 5
405 336 226581 10
354 645 47975 5
266 411 665208 2
66 619 239145 4
327 433 917433 5
209 745 521693 5
445 374 983046 10
235 680 718907 8
403 201 790332 9
397 168 27514 1
278 148 420886 1
458 305 454409 8
62 828 305463 1
620 80 599660 10
331 592 189380 5
154 198 526108 2
119 602 84768 7
461 201 438731 5
695 257 423978 9
195 407 847759 9
135 638 415670 7
247 84 357697 2
272 410 223043 10
359 525 692908 4
69 87 42172 7
45 88 364638 2
256 430 435608 10
71 809 56462 4
143 627 973489 10
0 809 275003 5
446 240 406956 10
50 333 100688 5
374 270 831462 9
385 33 334861 5
660 237 757523 4
535 79 749381 5
122 803 494166 1
64 390 617622 1
155 490 46689 4
145 154 750279 5
516 311 153702 8
611 19 798006 3
678 204 909155 2
205 794 401341 4
439 477 627785 8
426 289 953708 9
576 206 201972 10
553 424 205573 3
268 39 119616 8
419 560 616236 7
122 830 654134 6
625 14 441712 5
5 727 454686 1
33 71 997410 6
227 740 917973 7
505 14 139525 5
700 188 565620 8
99 847 998768 1
131 439 348482 6
185 270 277136 5
598 349 483594 4
245 433 317091 3
256 74 656952 8
675 134 440659 7
663 310 135916 10
307 639 266871 1
342 610 853123 8
363 307 175146 3
86 543 685380 3
28 569 641721 2
128 70 611842 7
195 57 341118 1
493 25 958373 7
41 326 346511 9
652 107 577816 4
282 634 660542 7
367 384 991975 4
303 587 86918 6
80 296 351163 4
65 581 228470 2
13 177 526718 8
103 170 653190 10
838 153 532630 9
722 235 427740 6
639 80 430803 2
216 334 136085 1
460 296 970235 8
130 841 898468 8
382 5 324711 8
898 79 544990 4
182 7 813432 10
54 519 987012 3
151 74 977457 8
37 163 583219 6
330 131 909046 3
33 561 783728 1
29 468 229505 2
210 43 303316 8
208 111 255076 4
237 591 111641 8
585 334 954436 7
126 848 133750 2
652 59 61922 5
429 522 936461 2
682 127 65487 3
278 127 73144 2
97 243 829075 3
362 378 594053 4
362 502 874401 9
246 591 707895 2
734 31 755618 8
161 204 893614 3
701 66 905718 1
659 290 820731 3
290 475 575565 2
351 385 32979 8
140 599 853617 8
361 447 775944 9
482 388 730996 9
131 298 738584 1
151 630 380061 2
182 10 8067 3
69 829 572647 9
211 561 510803 1
248 79 955997 2
519 151 441923 8
248 587 321776 5
66 729 393181 1
563 190 332620 2
15 462 552325 6
337 198 658700 10
613 316 982559 3
364 583 598937 2
701 83 252499 7
589 289 736875 5
313 416 845912 2
308 21 933586 9
412 168 66686 7
370 622 937822 10
193 411 632297 5
259 502 942600 10
447 165 690457 9
361 344 706190 9
350 540 43645 9
33 784 57805 2
437 3 705992 9
324 24 826703 7
179 609 201263 1
123 302 778284 1
195 309 201030 2
577 211 215007 3
564 133 14524 9
18 45 280285 5
264 450 979249 3
144 825 868132 3
341 266 153701 9
14 352 56891 5
362 19 459908 9
629 362 214671 6
103 684 107359 10
186 588 630152 1
596 164 922267 7
8 332 785225 7
224 87 485445 1
176 639 113988 9
559 358 913211 10
337 19 431631 9
671 202 486208 1
489 78 985423 10
118 786 494678 3
63 319 444871 6
716 283 609231 3
114 361 213969 1
288 706 34315 1
45 219 242082 3
17 427 84714 3
334 605 483705 6
848 17 149902 5
442 352 984468 2
443 445 703445 7
860 135 49046 4
537 208 372876 6
16 615 763924 4
439 72 524437 1
815 173 559531 5
202 538 501977 1
113 519 457172 2
764 213 410535 7
642 352 289293 1
512 485 497763 5
65 723 477112 4
14 416 270685 8
374 473 530197 10
607 136 486275 8
585 79 385376 6
552 13 886981 6
314 419 6691 5
55 646 594883 5
95 665 80311 6
117 726 257318 5
339 599 585432 4
57 286 704118 7
429 353 606148 3
84 424 290494 7
207 784 498953 7
751 176 705025 4
742 170 664540 6
134 256 978272 9
178 568 404225 5
383 595 893957 6
403 253 530259 6
320 443 612395 2
64 271 549225 3
248 291 984790 10
457 357 871912 6
622 58 996558 10
459 7 663314 10
177 175 693786 8
144 82 446983 2
31 613 707126 6
223 84 278216 10
648 67 503196 8
625 210 349752 5
19 28 148020 8
155 193 301982 2
19 66 548223 1
165 419 834446 2
255 737 790877 1
111 721 908479 3
218 109 331969 6
194 75 773067 6
92 785 96917 5
94 5 203717 7
260 36 852437 4
872 119 143583 8
671 223 440731 6
24 674 430391 4
618 114 403253 7
140 429 298733 10
144 53 530716 2
250 727 621754 8
114 54 533882 6
319 111 232378 1
882 54 60715 4
134 763 475942 6
787 46 145167 7
362 265 311474 7
444 353 353038 7
244 245 55083 2
82 380 23424 3
12 778 393128 3
677 286 554229 7
612 335 357795 6
381 513 736488 9
95 147 439321 6
654 204 84045 3
80 486 580672 4
171 618 625067 7
219 397 554441 1
185 256 786040 3
393 506 549415 3
61 871 321060 8
310 540 662353 10
155 208 513461 4
393 365 404710 10
120 456 888790 8
320 66 398531 10
672 112 628539 6
57 858 559531 10
273 124 962539 4
265 186 55272 6
71 358 884712 9
728 253 184672 2
321 244 720064 7
184 180 193886 3
274 464 931069 8
336 553 150213 5
2 190 586016 5
526 397 16159 6
312 478 246487 5
278 151 407194 1
424 572 435944 7
111 58 156022 5
677 8 983716 7
84 375 567108 9
97 877 799751 7
437 162 328313 6
249 533 757003 6
208 188 72488 7
299 86 572787 2
51 206 858842 1
647 195 945379 9
207 696 366340 4
591 328 605018 8
284 376 765671 5
141 63 2942 6
418 270 853040 1
136 709 968742 5
42 550 496262 5
305 34 421378 4
207 460 605206 4
425 176 443497 6
22 576 534554 1
60 618 84851 2
317 516 629642 3
225 69 798314 2
305 242 902222 3
294 66 388101 1
603 377 141445 3
506 464 85575 5
491 99 606434 2
169 130 653655 5
482 476 292332 10
35 398 805516 8
188 361 460500 6
274 68 535127 7
477 368 244533 7
154 193 144490 7
251 512 73803 3
433 566 726935 10
255 425 765798 9
83 316 183324 1
248 121 367730 4
479 493 268381 6
194 127 214849 4
363 401 51419 2
323 152 366581 1
287 713 459366 9
105 220 662243 4
86 384 233578 7
327 532 47972 7
380 407 626223 3
537 327 141647 7
121 840 538327 1
205 485 74662 9
507 132 215023 10
390 219 299244 5
259 63 581623 3
481 27 420702 8
140 662 113978 4
649 149 792643 7
44 550 248671 1
420 362 76878 10
217 764 735825 5
4 990 789374 10
218 353 474576 8
338 559 115851 1
649 56 873845 7
188 278 836184 3
491 43 618540 5
339 347 19249 9
368 431 2147 1
509 152 715387 3
194 77 899577 3
138 403 359032 5
29 96 732602 1
482 177 922667 9
689 295 948720 5
62 440 23379 3
219 213 211401 3
588 239 668377 3
34 848 52824 10
359 349 359425 3
697 177 833442 9
444 406 535410 7
432 17 199022 4
302 685 376924 4
490 210 784533 9
529 405 245397 10
108 113 309750 8
47 675 980740 4
167 718 44027 3
655 31 130167 8
610 155 437003 2
410 134 432650 6
488 453 342665 9
630 334 828655 4
820 138 647739 7
791 164 139206 10
39 527 72757 8
4 426 228231 4
289 284 589487 10
236 627 975495 1
320 167 835923 9
68 906 485898 3
399 341 420255 7
550 203 798910 5
208 511 948951 8
63 25 815826 3
397 128 23587 6
189 352 999463 6
213 716 166372 2
203 278 769449 7
112 763 466753 10
296 405 916999 6
962 31 264632 4
16 71 258924 9
160 273 350726 4
326 461 54485 5
898 25 373568 5
180 8 732295 5
426 126 520798 7
263 562 277899 10
612 290 864945 9
159 602 859059 8
230 715 742921 1
349 327 711020 5
243 699 465646 6
535 298 163994 1
495 10 480731 7
58 445 52672 10
223 63 253600 5
147 6 10261 5
386 202 704840 3
376 202 192028 9
499 351 874056 5
149 654 884504 10
124 382 457547 3
470 142 365052 10
578 218 104290 10
634 17 858182 8
858 71 445331 2
223 59 599655 5
333 31 383532 10
985 13 567450 10
259 64 539648 2
133 375 848377 7
778 80 800351 6
169 126 607419 7
492 52 946188 9
123 605 117139 7
116 587 403658 10
316 34 459545 2
504 37 539174 7
754 20 6292 4
663 208 252549 6
150 588 210776 2
397 261 834441 7
577 328 937098 1
14 488 829287 1
661 7 234839 2
766 29 390318 6
814 174 449963 6
75 509 138358 1
71 387 535010 1
241 214 156115 2
228 213 320174 8
578 422 668640 5
595 231 475999 2
552 37 728816 7
228 551 970552 7
640 196 606967 2
52 40 381031 7
140 249 368911 6
136 491 960357 7
187 604 149816 3
285 519 930143 3
124 391 146889 2
517 467 725990 9
272 368 724420 1
287 511 479702 7
82 514 905069 7
380 582 308485 1
182 256 621965 9
38 760 220547 10
431 2 454493 3
238 360 18090 3
689 135 618206 10
545 325 438489 3
280 635 432138 5
62 641 636609 8
247 142 773516 10
376 387 695735 1
426 401 819695 6
155 682 895779 3
343 601 261477 2
23 39 377798 10
306 570 440531 7
63 358 38658 8
320 300 595472 10
12 104 870199 10
492 305 664772 4
255 232 224396 8
228 655 777415 4
246 452 893588 9
683 176 27229 10
512 77 48988 4
494 19 226980 2
176 332 669634 3
303 471 343051 8
245 309 194806 2
409 51 814728 7
89 755 242441 1
398 153 637855 3
368 293 232955 1
321 545 386848 1
109 102 153038 10
514 21 966155 3
285 428 876536 6
320 147 286754 10
341 80 182146 4
28 751 954785 1
431 42 266608 4
192 664 901581 1
443 451 471252 5
79 205 467819 5
121 727 677304 1
423 138 781636 2
534 37 65508 9
83 480 26690 7
217 647 372179 5
77 31 184949 9
96 342 193033 9
94 503 24099 7
73 726 482122 6
172 174 939029 6
396 387 446746 9
319 525 255187 9
627 93 696805 10
381 519 90337 7
60 564 706145 5
722 268 387790 1
772 102 113729 5
590 389 985664 1
141 687 589667 4
428 246 778620 9
558 26 830999 3
119 414 903200 8
77 610 343677 1
120 373 693971 8
560 239 384551 9
91 191 795109 1
358 210 53287 4
225 659 632337 6
211 284 385000 7
106 878 582720 2
261 319 388894 8
913 85 199937 7
631 300 173468 6
734 143 931540 6
61 887 187567 2
664 152 133957 6
116 196 730645 10
347 201 17663 4
904 67 287840 4
146 590 428113 9
285 170 299667 8
318 657 95008 7
292 305 185100 6
67 400 393993 6
408 212 425307 1
582 173 138574 3
263 659 670586 2
47 5 680283 2
574 315 918136 6
424 304 645783 2
355 482 451128 9
51 740 233297 10
804 80 692810 6
590 394 311029 2
352 24 570557 6
436 220 387489 1
75 659 861485 10
572 51 45888 2
55 328 627647 10
345 352 295578 2
71 729 238625 5
455 441 998791 10
118 553 595592 1
535 392 83721 1
129 746 225812 1
175 212 648373 10
125 593 865979 6
110 740 601968 3
673 80 829847 2
264 304 129599 3
580 99 705031 3
74 617 86158 3
44 300 748601 9
58 902 468739 7
573 336 196466 7
239 352 454193 6
148 422 357187 5
358 380 634328 1
401 322 393802 8
193 78 156353 8
319 631 450503 9
146 344 371361 4
660 230 263692 3
88 859 593075 1
15 67 257577 3
501 211 178669 7
291 394 551256 5
276 284 701383 8
77 827 485900 1
176 362 923958 7
109 818 211528 10
660 191 190462 2
358 299 534384 7
756 223 676686 9
287 313 478476 2
124 611 82928 9
232 706 808852 5
520 274 579560 2
311 435 496644 9
127 674 951434 4
511 358 704787 3
187 624 732659 6
355 471 182866 3
470 213 245490 5
479 112 29262 7
37 93 346834 4
661 146 52543 1
573 55 279761 4
924 36 149834 10
304 45 54327 3
40 721 451774 6
522 52 303070 2
8 198 78978 6
284 274 989676 10
567 109 947098 6
59 272 138832 10
199 501 721317 5
780 50 143616 4
36 144 782780 6
311 596 412490 7
335 528 471813 1
361 621 730441 2
45 878 553414 4
882 66 73659 7
782 65 122614 3
133 516 905374 6
182 636 243532 10
186 309 992143 2
261 711 95877 8
505 31 798143 1
74 483 511580 4
439 424 884690 10
14 190 345461 8
486 418 332707 4
243 120 427697 9
394 83 8672 2
392 590 708979 9
485 301 371660 6
201 494 277490 4
122 233 525222 10
241 167 913595 8
243 28 581010 8
335 376 662500 5
553 411 798788 4
182 238 845939 9
464 190 557086 7
525 466 33478 5
88 691 154732 8
54 603 671750 10
35 451 921180 7
610 171 899756 2
486 86 875599 4
369 413 888497 7
34 208 204766 8
255 480 583145 2
294 635 81948 6
506 68 449789 5
12 548 526312 9
62 832 621671 7
205 32 227666 10
492 185 391499 5
78 574 994620 10
689 183 784384 5
196 349 908278 5
370 25 637677 3
311 216 628976 4
120 749 606847 2
33 9 767007 10
597 185 905828 1
89 98 768796 1
16 338 25537 6
223 35 921101 1
670 62 136826 7
391 536 563190 3
46 194 361066 3
701 93 885714 8
612 326 62960 8
165 606 820205 2
204 711 149885 9
381 221 411563 10
357 246 651551 4
303 475 526129 9
116 475 881380 5
136 301 498183 10
588 155 994828 4
129 749 289888 1
189 179 136057 10
305 150 889940 4
68 928 563852 3
335 534 159803 3
6 632 113024 3
602 270 911790 8
241 214 541589 8
300 517 666985 10
312 66 944375 3
367 435 753220 10
529 265 375947 3
345 540 468123 5
161 722 581989 7
471 132 583875 4
33 530 136816 1
319 311 892026 3
315 358 829203 2
623 223 373323 6
17 215 845942 5
505 446 380208 10
463 101 319513 7
298 74 585391 8
335 403 166852 5
94 14 815226 8
64 922 554281 8
313 248 583585 2
789 196 61157 3
575 366 175795 6
108 33 240441 3
260 45 558564 9
318 530 669949 9
134 184 377698 9
364 242 800597 8
292 701 183590 3
6 905 93378 2
546 100 541462 9
398 591 476423 10
701 248 817035 1
137 501 141199 2
215 364 746767 3
52 519 446411 10
254 115 44202 3
57 523 896951 5
262 439 223031 3
677 165 534772 5
88 21 832210 3
750 105 240932 4
152 219 7633 1
279 575 268444 6
41 28 833530 5
343 97 269287 2
363 297 256487 1
218 572 822806 9
153 180 914088 3
300 448 862099 10
412 334 546428 6
188 614 798502 2
467 201 345424 3
484 510 389246 1
551 115 658631 3
233 206 325178 9
554 444 668891 9
425 315 734336 6
2 924 764 5
790 45 369517 2
179 233 745320 7
311 24 954504 8
276 164 910542 10
582 279 132175 7
219 502 277114 9
625 97 556806 2
73 504 506656 9
56 562 221753 6
416 476 50278 6
216 127 884454 5
183 769 378212 4
724 236 552107 8
685 283 383233 8
437 172 343782 7
346 41 449804 6
641 219 281834 3
124 225 274508 5
523 291 756025 9
179 51 633543 8
29 872 28515 9
285 90 165140 7
544 318 324076 7
217 679 139113 2
467 101 683402 7
392 179 574230 4
870 125 141479 3
43 714 664173 4
187 359 894528 2
615 382 742633 5
172 603 115805 5
20 910 790572 6
89 666 18075 10
676 214 683056 2
332 356 879198 9
935 58 586707 5
75 191 772241 1
203 382 227007 4
344 96 129525 1
386 492 83356 10
382 161 126737 2
442 379 652520 7
275 135 689691 9
773 138 846338 7
514 162 844299 7
788 191 619434 1
192 76 540612 5
396 179 585074 1
818 145 43763 9
265 457 436090 3
539 175 964045 7
276 358 531572 6
890 3 710253 7
617 320 495815 2
291 88 528462 3
754 175 838359 1
116 376 532654 1
11 696 139108 3
728 17 480501 7
76 612 205781 3
130 500 660085 9
82 268 522853 7
740 203 471534 6
438 493 747135 4
146 606 751700 1
171 685 462957 2
293 161 401506 4
89 463 498675 4
932 36 57852 5
20 39 819933 6
212 638 962148 4
59 469 794005 6
152 732 62099 7
64 343 964567 10
111 731 479885 10
621 295 924436 5
58 413 452421 9
525 394 77320 4
440 304 892269 8
553 420 145467 1
739 30 395024 2
213 201 832765 10
127 378 516484 7
364 514 47805 2
259 106 912443 2
196 751 424774 8
694 20 609008 10
93 337 830875 7
336 574 83134 1
590 25 169113 9
655 233 528473 2
375 37 146187 7
308 525 244111 8
351 43 742470 4
804 183 100416 5
59 859 372888 7
655 119 936618 5
21 329 353443 2
36 377 713468 3
473 149 241797 4
423 414 548341 8
178 6 510073 1
374 361 160540 9
190 604 460338 10
77 471 814135 6
506 382 122792 7
232 44 951054 5
228 696 379562 10
438 484 512021 8
35 218 331237 4
372 201 204145 9
376 301 234245 4
334 274 14706 4
110 533 111691 10
206 161 140179 9
246 531 836928 6
716 257 246668 5
297 467 567883 3
100 859 366113 5
689 236 359584 6
43 673 351101 4
282 95 582497 5
19 801 601290 10
117 14 998295 4
375 66 519095 8
263 631 646494 1
135 639 529318 3
398 224 682972 8
718 47 659384 9
671 212 703854 4
259 474 654926 1
16 740 728040 8
92 352 966705 2
521 242 89704 2
282 170 534412 3
45 251 187126 1
193 315 857673 7
534 408 972485 10
226 244 223355 8
130 125 436184 4
196 281 562838 4
188 313 242341 10
470 168 809960 8
8 771 502709 3
32 835 54961 8
284 352 523873 1
194 718 160054 3
471 161 742980 9
451 260 944091 1
591 29 53029 7
338 618 801730 2
704 106 760462 3
385 505 591974 8
158 598 199873 1
111 107 12497 5
870 12 268762 6
340 511 729641 4
297 179 937197 3
293 205 213975 10
497 445 485300 1
679 139 85591 7
174 313 572520 9
354 225 520365 10
199 724 226897 5
655 223 975253 6
390 355 907401 8
310 385 975060 7
770 226 160371 8
10 725 980859 6
95 13 873560 6
191 780 221040 1
287 355 670563 6
362 352 432011 6
595 181 569722 8
61 121 662470 5
533 291 307138 9
469 22 160456 2
39 882 695249 10
2 943 963407 4
871 6 186117 1
74 786 372490 3
378 38 645253 7
97 791 356355 8
50 143 985842 7
161 475 876436 4
2 697 877437 6
778 57 145168 3
268 537 187469 9
782 124 203483 2
267 356 507237 6
3 353 432725 1
328 193 752710 8
44 888 757610 6
770 102 111136 8
343 43 288010 1
308 34 456862 6
420 391 915278 6
783 99 598476 7
903 42 599317 7
280 372 39226 10
508 308 29536 6
598 102 722040 10
320 84 635144 8
110 390 362941 7
154 288 884316 8
586 374 105927 8
212 753 351541 2
56 826 970384 5
237 70 977982 1
552 60 880417 7
457 396 614801 7
444 261 979339 4
306 156 237605 8
599 349 626972 5
36 92 732283 7
438 271 268325 1
593 224 543465 7
98 897 948789 9
105 775 12362 3
31 194 290723 4
128 587 846271 3
533 162 727002 10
203 567 865234 2
276 331 618244 3
114 760 76082 3
100 215 652232 7
393 202 656495 1
413 583 116390 3
211 453 929100 2
635 317 470373 6
182 139 219283 8
162 383 830657 4
47 594 320966 10
189 596 87451 1
156 598 48811 2
100 479 981685 5
184 618 737999 7
379 312 183232 9
277 572 632029 7
685 246 240441 3
185 531 188872 1
80 423 39119 6
42 922 352990 10
148 118 508980 7
300 519 277672 9
968 21 763129 10
375 615 532282 4
103 394 896534 7
304 78 741626 8
205 112 63347 7
513 306 689360 5
194 758 431985 3
371 272 988332 6
74 212 60083 8
931 54 329041 1
432 259 5787 5
80 859 557781 7
436 470 262659 5
172 754 650525 8
145 205 626937 1
28 185 238087 10
322 216 533723 3
234 530 411215 3
115 12 829090 3
372 487 963682 2
379 385 231650 10
288 194 767789 4
159 513 405068 7
621 15 114071 1
254 364 902093 9
336 77 810630 10
635 261 58256 3
464 283 416151 10
334 272 830305 6
28 673 273830 2
434 379 86217 4
664 234 27454 6
653 83 93788 3
910 16 607947 10
403 183 801111 5
641 72 4917 6
679 272 264380 10
97 505 578705 4
541 64 392717 2
521 258 545569 10
25 700 322724 3
213 370 540032 9
142 208 968776 7
876 101 869697 9
99 839 352729 7
199 789 183317 4
380 458 901917 3
44 516 31558 1
196 390 412901 5
263 473 801082 6
632 75 561958 3
233 363 363924 5
269 163 150105 1
369 437 62184 7
567 256 250208 7
166 395 556066 6
42 134 942947 9
146 24 110462 5
82 42 148975 3
110 225 13880 10
410 226 561005 8
269 720 741594 7
355 58 913955 5
350 315 770306 8
14 208 531815 3
230 438 492959 8
490 312 719600 3
336 449 242244 10
165 462 28921 9
160 394 148197 7
117 511 429873 2
389 225 710514 2
99 606 63305 5
212 558 77883 2
135 666 250951 8
330 294 335378 3
11 84 382444 4
97 381 719076 7
213 316 830105 1
543 40 442205 5
130 10 494078 9
519 157 342420 6
548 173 60143 8
590 342 493238 3
15 947 617565 5
61 251 158426 4
270 62 372210 9
74 752 553605 5
334 153 341520 7
92 872 518782 3
133 187 67512 5
839 160 994023 10
178 200 486729 10
651 272 824068 6
241 240 971244 6
9 62 826831 10
101 288 942161 2
111 688 507 10
330 231 547520 9
428 459 796022 5
574 295 968657 5
149 795 855118 5
287 375 740697 4
579 47 713747 6
275 306 890657 9
200 766 473253 5
150 750 344306 6
52 213 73264 2
329 507 787273 2
213 272 496219 7
497 88 331047 5
209 523 892323 7
475 437 339793 8
510 420 87201 3
31 333 293902 2
295 404 933527 6
171 262 219555 3
284 52 492783 10
193 285 734741 4
234 430 300893 2
62 273 849607 9
186 803 741172 9
283 500 155270 4
347 310 173460 10
292 103 607252 8
635 130 317715 4
482 223 120844 5
531 462 480196 3
345 625 726447 6
194 530 583389 8
552 45 76393 3
197 150 217556 7
191 103 805089 8
466 66 911452 1
119 257 575627 4
565 59 721237 10
166 96 485696 2
548 204 51292 6
134 107 213041 6
277 294 683499 6
322 17 105219 10
284 209 919217 1
317 240 139038 1
322 199 261096 6
360 240 391905 2
419 362 975901 4
432 203 773913 10
237 57 474335 2
19 105 337804 10
147 172 762213 1
270 283 175613 1
257 40 804892 10
222 397 749715 2
431 268 265477 8
125 192 477449 5
200 570 539385 1
233 353 294172 9
790 13 480158 8
344 283 267360 3
117 252 124716 1
403 304 580494 5
67 239 36387 5
476 278 523180 1
267 696 995305 3
134 67 551609 4
237 644 469373 1
351 356 764566 7
158 307 28177 10
49 751 815828 9
206 629 429986 4
859 120 516669 6
461 121 37070 6
482 207 426974 10
35 924 574952 8
339 574 417042 6
236 84 100739 4
330 491 238053 7
122 341 289215 10
49 36 754454 3
952 31 637849 6
211 140 190266 9
796 84 275582 5
656 238 240348 5
98 884 77950 1
442 514 262024 7
489 84 771791 4
358 470 204743 6
579 407 675387 9
584 301 75211 7
219 496 32479 3
568 72 97003 3
659 127 934523 7
256 71 346258 4
5 930 247319 3
98 322 421604 2
156 828 755123 3
182 605 953507 2
126 601 931523 1
456 391 818047 9
393 285 225210 3
87 729 958224 3
322 116 853539 6
238 682 110795 7
147 77 788540 5
268 566 543645 6
695 247 660883 10
606 187 146377 4
396 341 139123 1
503 423 795108 1
291 664 643210 5
345 87 987288 4
435 259 631283 4
34 727 582930 7
442 102 217216 2
509 23 677755 10
641 22 880760 4
622 28 753069 10
625 69 481883 5
406 324 364405 6
636 282 488580 6
262 162 468246 6
567 45 134076 9
92 821 527284 3
11 248 501569 6
107 127 396915 3
533 260 108981 1
418 533 216457 7
445 121 464511 9
269 620 769522 6
429 73 740162 6
213 681 674383 5
565 340 43000 2
0 241 196867 2
127 372 3335 3
515 54 746891 7
111 856 598762 9
165 623 522762 4
94 259 842983 10
745 65 828447 1
320 159 421849 6
16 180 836857 6
386 232 165349 10
409 290 970548 10
186 178 772730 7
181 469 222608 5
542 391 801381 7
59 628 397160 2
316 618 881438 2
198 54 282527 8
72 155 39282 2
59 898 978511 8
435 103 729085 8
615 83 934104 5
164 75 627207 2
170 323 927520 9
5 340 96847 4
250 747 176104 8
492 187 298074 8
151 627 920524 7
53 302 482970 7
458 52 926513 6
359 14 565179 2
228 752 717700 5
484 197 744213 7
113 681 795277 8
156 292 544147 4
709 59 637921 1
175 385 876795 6
47 12 927319 6
341 27 195963 4
255 217 472962 8
94 579 987374 7
307 90 682451 8
38 859 869832 5
348 147 938226 2
108 440 60155 7
63 406 96928 2
83 795 785943 4
324 98 703659 2
250 169 664008 2
134 247 204553 7
647 107 48569 5
543 234 868601 9
267 709 8412 5
747 214 942359 8
744 28 563779 7
4 440 219344 10
348 515 529126 3
43 897 291496 7
344 498 691335 3
771 130 790682 1
142 696 288702 3
108 799 755390 6
136 436 476438 1
114 452 259137 9
284 421 219173 2
157 354 203683 3
269 152 912790 9
156 597 631317 3
26 743 690105 5
607 181 212307 6
121 599 444373 3
451 16 149534 4
378 240 130976 5
42 405 348617 1
829 138 280682 10
916 42 526018 1
62 127 250031 4
97 677 769201 7
756 151 150944 3
369 195 846076 3
36 487 111203 2
131 414 411868 1
622 270 219223 10
170 709 183403 6
351 454 242902 2
32 602 853998 10
584 383 465797 3
385 101 66889 4
30 73 581922 9
561 142 741923 7
336 146 456275 10
552 437 285707 6
420 26 182516 6
56 556 44505 1
757 61 300957 1
168 107 109488 10
304 596 202699 7
104 834 489926 9
67 483 985271 10
27 28 137183 3
652 177 36799 3
340 340 378934 8
134 210 863325 4
130 502 9912 7
5 264 365483 7
519 261 904038 4
274 631 107656 7
692 26 624816 7
627 133 869367 8
359 422 703315 2
677 210 972106 9
642 151 663060 5
487 11 788401 5
528 176 698850 8
89 748 580957 5
198 134 337435 9
164 506 117406 1
545 261 639312 4
547 60 724891 10
133 808 397905 4
684 226 589729 10
256 150 623845 4
35 457 843430 3
24 549 865901 6
529 100 590506 4
430 453 773101 7
81 98 323418 10
448 5 300657 5
291 170 618500 10
656 162 896711 9
320 269 406506 1
324 511 714216 7
109 727 924975 5
599 294 720205 2
255 363 589803 4
604 235 759706 2
608 317 251281 2
218 76 411997 4
355 45 582138 3
848 41 580335 4
283 678 635974 10
47 484 818789 10
116 52 942946 10
176 2 314911 2
599 105 449194 2
385 147 535249 9
679 143 584688 5
461 343 313536 10
45 805 195089 7
145 581 933389 3
236 719 862743 1
258 646 870831 3
438 287 640253 2
398 287 389463 3
616 251 170120 9
149 281 709092 8
225 264 208910 2
183 343 89806 8
615 110 727937 10
660 85 123532 10
7 725 23865 7
237 137 894810 8
426 456 364012 8
66 532 899109 3
220 610 402717 7
294 338 229109 10
111 637 206668 8
436 179 434667 2
30 218 384114 8
290 190 95975 8
377 429 315852 1
195 203 642883 8
196 732 465343 8
930 29 595105 10
416 132 179146 3
398 358 372366 4
785 136 632197 6
22 746 984807 3
417 382 513026 2
890 9 274236 8
355 181 175183 3
802 186 492443 5
323 672 442773 8
896 36 991305 7
161 791 546773 1
152 834 929700 8
105 453 712604 7
59 910 46155 3
360 222 418732 8
156 342 742224 7
429 124 986870 9
269 429 317112 7
604 185 777677 3
182 51 42623 3
51 897 721529 2
389 403 319383 8
423 54 72664 2
588 322 41140 4
64 546 71173 5
624 315 800933 6
311 371 153470 5
251 690 13783 7
48 766 332367 7
50 763 463177 10
278 412 226764 9
20 971 961175 4
153 604 713875 8
252 723 137417 5
145 772 257289 6
724 247 25953 9
238 345 483118 5
35 108 939829 8
593 70 467047 6
575 127 710947 7
68 853 924413 4
283 143 153559 3
353 284 250812 2
450 8 734515 4
111 594 224362 2
64 820 357853 4
691 156 729385 7
558 293 804605 1
177 798 188600 8
63 102 157285 7
566 294 389394 3
154 274 858082 7
611 369 476672 5
370 596 510672 3
314 557 29624 6
403 336 503901 3
32 81 600583 5
208 407 380407 10
420 213 275918 3
535 125 15920 3
761 53 824301 7
287 609 343739 5
914 79 835615 5
122 330 911102 2
728 179 35833 2
356 418 510733 8
132 116 158223 2
360 525 561941 9
12 683 509505 9
218 553 855914 10
170 551 750993 4
385 542 815332 10
803 54 611451 2
192 561 791348 7
540 193 130929 8
596 275 951347 2
835 41 806272 8
267 458 792469 6
432 465 817717 4
112 306 825661 4
151 493 430999 5
300 30 429326 8
157 725 127955 1
4 150 301770 3
452 71 827729 4
65 807 28979 8
97 271 553081 9
119 163 582974 3
379 369 91831 9
131 767 794198 8
90 96 946238 8
553 241 950957 3
366 488 239386 3
36 809 768861 2
135 237 141119 5
361 568 623814 6
468 321 21178 6
9 922 145588 9
285 29 533764 5
452 270 753928 4
652 273 242073 7
62 543 872565 10
279 422 87062 9
470 503 645378 7
329 250 811424 3
495 185 590125 3
595 38 252832 2
245 639 236821 2
424 310 300487 2
356 522 340258 4
697 21 701899 2
761 229 420879 2
450 394 916069 5
379 353 678070 9
303 278 723259 3
608 177 229469 1
366 524 686644 1
316 659 179551 2
14 389 516881 10
299 145 12486 4
2 119 603933 8
255 513 145998 9
75 468 514568 7
389 251 986843 9
128 263 819370 5
374 112 404320 5
27 738 703133 1
188 257 69808 1
412 100 118263 3
529 193 556365 8
907 86 564403 9
547 407 109478 10
201 218 71395 7
693 4 218436 6
39 647 947543 8
165 553 100052 3
94 153 575503 3
212 598 672437 7
423 353 399858 4
0 497 636965 5
629 36 646629 8
249 551 721347 6
582 277 142560 9
598 303 194482 4
393 220 426554 8
610 49 887005 7
322 296 3858 7
500 391 928290 4
380 101 409381 1
318 373 634097 7
207 588 8030 2
360 90 437276 8
155 325 450621 8
267 371 582432 5
40 52 139721 10
930 54 31488 3
198 758 658632 7
286 96 931640 10
495 310 870134 3
188 37 656843 4
464 320 763521 6
805 78 385357 1
281 130 394490 6
79 820 940481 5
607 199 105556 2
299 355 826 7
410 331 502469 9
279 179 917675 3
131 339 277173 8
630 224 977695 10
654 169 836680 9
835 133 362176 6
255 573 693579 6
82 842 881550 10
650 176 685424 4
185 773 875071 6
386 224 238721 9
329 291 258287 7
429 518 933354 9
32 13 736604 3
115 806 222218 4
693 107 283459 5
139 368 132450 10
22 734 939642 4
336 577 970949 4
6 926 469305 5
660 138 977541 1
550 299 171037 4
0 101 924913 8
674 295 450134 1
299 619 706802 1
490 333 181364 3
106 425 368623 7
33 292 78551 10
672 104 686245 8
674 287 806702 9
117 836 445289 7
631 217 947233 7
107 185 632744 8
456 115 33377 3
431 409 527762 4
493 389 940539 5
115 46 617563 7
391 20 402655 1
273 131 37775 5
240 59 738732 9
632 201 696908 2
282 455 567902 7
151 524 604723 4
643 320 539367 10
304 137 384834 1
132 455 736177 7
531 112 477691 8
214 105 838059 7
513 303 524202 8
651 213 727275 3
538 252 58267 9
536 200 367367 7
627 86 902469 8
687 252 767628 5
779 122 524865 10
207 370 535222 10
450 448 211865 8
19 39 346808 8
692 300 581199 9
386 366 13150 2
298 639 482969 5
164 747 899508 5
138 342 898868 4
825 17 482438 8
123 231 86067 2
939 59 644840 9
820 148 817037 7
77 667 882296 1
519 383 224332 4
58 868 868569 5
159 112 712262 3
57 9 68898 5
519 431 748949 3
217 192 24234 4
244 705 556833 2
311 592 729994 7
109 226 800543 2
115 174 413143 8
684 210 154379 9
94 635 541669 5
240 256 891565 10
181 249 758747 10
40 342 579996 9
200 605 678414 5
87 854 97527 8
450 314 405485 2
231 526 84593 4
730 148 53052 5
629 307 712308 5
577 376 846059 6
77 559 89963 7
12 167 674509 8
97 454 253368 10
98 66 364138 8
122 731 456922 10
19 809 821425 8
557 117 281731 8
664 332 904756 4
942 58 356776 8
506 336 749668 6
465 336 504753 6
98 167 397107 6
565 431 687547 9
457 508 149051 3
515 415 778313 9
250 403 545739 7
143 130 638050 4
630 190 534467 4
124 836 858714 8
617 224 482892 10
326 465 75791 3
32 547 30971 5
643 199 761794 7
776 177 610035 10
814 170 173251 9
86 635 460918 6
210 587 7792 6
28 753 524196 3
582 340 175668 7
78 319 471051 1
697 132 709170 6
285 172 25566 1
157 322 738186 7
140 343 922184 4
39 936 888947 9
617 358 30629 3
49 452 2098 9
276 342 44132 7
418 369 887977 10
725 172 483337 10
41 290 498259 7
341 448 168396 5
261 248 742988 9
479 99 817000 3
137 390 341457 3
774 160 189004 2
203 460 712806 2
87 820 973376 9
143 632 180764 8
240 340 580828 3
889 54 838364 6
767 30 131037 8
447 216 940919 7
320 424 243584 1
625 53 529010 8
852 78 187772 5
8 89 301632 10
0 85 536852 8
146 143 125343 4
138 297 588038 1
355 28 236487 5
177 568 220082 6
318 373 982220 1
322 118 209428 5
94 857 89719 5
57 617 941918 7
104 460 248489 3
24 688 448243 3
67 328 169003 1
9 160 825724 10
177 517 350491 2
175 677 647251 2
149 100 750022 5
359 267 945640 6
87 656 484682 3
48 566 330337 7
811 163 811165 3
475 189 820778 7
207 594 730030 1
909 9 38953 9
45 948 777219 4
248 3 276369 2
468 300 906536 2
694 6 554853 7
91 843 603789 1
256 585 354149 8
89 606 613328 10
279 492 936622 4
84 870 914669 8
310 335 853199 2
334 361 824669 4
99 106 428165 8
340 422 111664 10
500 36 705855 5
511 142 243285 5
597 223 740688 1
114 586 878317 8
90 366 773946 6
257 61 782618 4
111 202 568605 3
819 79 318732 8
244 24 96781 1
324 151 767130 10
668 217 745304 1
521 310 271245 6
325 346 400034 1
178 401 608710 9
365 498 784871 3
610 224 382351 5
77 368 598401 10
380 214 199273 4
356 103 541938 2
155 771 810692 2
12 136 766034 5
17 694 867173 3
109 475 340960 7
141 196 865157 2
324 378 833865 3
200 76 695653 10
355 223 682065 9
187 666 56068 6
264 567 894002 1
810 80 43244 10
361 591 732824 10
266 61 14622 1
247 646 222641 7
463 213 58735 8
251 29 53684 4
134 328 22093 10
468 18 574563 4
475 164 291001 10
84 30 309207 5
50 684 582608 5
52 741 22043 3
148 628 349955 7
78 278 696270 1
675 170 148924 7
194 415 611086 5
468 400 174095 9
595 134 467878 2
608 284 783945 2
575 302 616185 7
121 216 426763 1
429 558 979457 3
728 136 510779 10
170 35 464382 2
133 496 166239 2
871 29 348810 6
282 718 41422 2
337 382 40678 5
524 27 850375 2
754 86 508268 5
112 40 294261 9
273 292 941390 10
33 835 559114 4
249 426 817693 4
83 912 553430 6
0 357 956242 9
635 181 715900 1
804 138 356783 3
924 36 437633 8
88 176 965730 5
379 76 328704 7
373 207 750455 8
531 141 155200 9
291 494 470464 2
731 255 816088 7
225 616 310536 7
702 21 794252 5
1 726 888085 1
840 60 24479 3
155 659 777016 3
564 11 276061 8
558 139 966476 4
627 323 398101 2
372 339 115868 2
683 193 100845 9
964 5 289323 1
117 394 482306 10
186 487 100694 3
184 667 717482 6
180 125 967581 10
110 444 42148 1
817 88 682994 3
885 24 743030 10
256 171 347916 4
161 93 496742 4
775 104 147774 2
76 110 247086 4
742 36 863735 4
144 10 26006 9
344 600 335705 8
251 46 958832 10
541 16 21100 7
6 17 67262 6
151 412 119450 3
