89332342 100 80
2855032
28070077
33661659
13028715
38793665
25190979
18510005
43756344
30986774
37172134
29553616
24448989
28676205
2506667
5537950
2271299
11626968
23353817
19182480
38769106
4598031
16716412
31920485
30531870
20360114
20824715
34989490
18613191
16558101
36995049
12511229
29942870
34555697
11682346
31210448
38404734
41141996
7002741
17979516
28354405
35747977
22995178
40152942
10640876
26876102
44720510
3612633
14054216
23705198
14464355
32769064
8990092
6506717
17609349
30060378
10733201
39653877
37112356
7640844
29329249
44400582
30899264
13787889
15015802
38300079
8367951
22166518
404562
8375741
32630096
36436145
40611038
37468526
26082403
27755729
20061975
38633347
19022479
1799380
41965072
13021361
16058020
1218499
12601575
15126518
9845962
33742482
42979850
9229686
1846368
21529984
15493530
42633808
8220415
5626047
3899303
5040463
42309099
11392629
20747306
