12637843 5000 1000
1995976
1966704
1560771
4059308
2940665
4709991
4502646
4702348
3047536
5525198
4971113
1168285
1300845
3656408
2378935
2387598
3322268
4573826
5858915
5586393
3970843
1654385
4796628
5725698
263844
1655083
1520257
4558420
5771982
5302434
4230860
4026510
3356277
4603624
2298288
460468
1206292
2051657
4976071
4826217
4475713
678985
522132
5647710
1116551
1769063
6000580
6192714
1174026
4475831
5080769
4842412
479537
6217087
5566089
4631777
5270111
4391632
1678863
5673528
3847559
2002807
3903727
5549731
3884887
2305859
5035718
3718884
1369459
4196242
1323403
1354290
312433
3724435
69388
2472958
2870370
2163169
2551373
3145620
3693627
1799235
1358919
3289181
4064202
2328051
1309817
4737434
104483
1881435
4472169
1237658
3442402
2718037
3345810
2737229
5893668
2435808
4893064
4357083
3631997
3683933
13808
2945686
3251305
2546084
365746
899977
1245173
5417139
3576362
5916354
6118935
3655349
1235248
5415305
5084163
1559599
6311192
2049821
164482
5249620
646367
5765898
6066522
4886015
5122161
3434876
5326826
218682
1095342
852944
6173506
3568099
4365449
545063
573346
4286571
3229055
4081571
2863702
1799386
2446731
5920649
5004999
4644082
308202
3406816
3794714
833408
5072673
1629814
1097866
5076364
2587007
568100
4667994
5448994
535296
953331
5859770
3791739
4236659
2355704
3734131
3351081
5104435
2140596
5282825
1546103
4595556
3344232
2851801
5414194
4101910
432661
4278792
2297282
5199183
4110577
3941240
5107564
4029218
5371188
5359081
850740
1268665
3379447
1818229
2439634
2890814
1291044
5671332
6324
1036581
316142
71403
5535448
1561298
872123
3833790
2156472
4817045
1030112
4715239
5826575
3238125
1717280
4661215
234034
6086603
3892091
108711
1181430
5787765
5279340
3755814
5267202
5137649
1250152
2497643
454225
1405901
711315
1315389
4548024
3515055
1497327
2865131
5757156
3377114
4811116
3383210
3161842
4341076
5136978
4010133
2931322
235467
4168873
5515509
3001169
3624868
960631
2922203
5421025
5487369
1649428
4473960
2600056
3137096
3254426
5952013
2379578
2439770
5099551
3585637
6297689
938096
4210282
3924740
4483946
5752983
3721945
1664039
2033451
2233806
189951
6176010
4001921
2744444
2509423
1103002
2072302
2709705
3713793
801780
90317
4969729
1147282
901394
6231091
3430945
5957499
434485
6189283
2437842
1968252
1067708
4149450
616634
4876018
6345419
4115251
1138280
5723680
5456387
1036183
4044570
3070827
5396611
483891
1470318
1760004
3608589
689647
848383
1237348
4493833
262155
6116723
5345960
2157057
2617995
6068022
4684963
5667785
2601036
1739412
4907364
2779320
2770183
2712436
2280930
4440516
6074987
2877468
170569
3906029
1024312
5554976
1496218
5438910
5050057
6060640
532945
5904956
1100487
1242186
6196344
1056830
2477019
1184645
4394988
4711704
5031582
5609185
6377975
1819746
3317531
445223
3595596
1683913
2604050
5180199
728532
1545677
1650584
2714869
2803612
178652
509450
3059256
5955008
1863101
5945813
5671151
829057
4139360
160986
5647969
6025292
6268296
2448736
5859257
658727
3545035
4351563
1991159
6053370
1191238
678063
3116825
6146495
2802623
2427622
2682399
964894
3992137
3874627
4492765
6205866
1982366
5629038
164045
428581
3463117
865627
1852096
5996768
2724037
1737127
3474512
2116717
5782592
1656044
2796058
3651053
1004259
4620182
942767
1867862
2063396
4774317
3431324
5852292
5193110
4587134
832006
3983927
1680154
4945744
4562213
1360963
5535226
6103712
5560175
76503
2821865
5870829
2748613
3410836
6034087
6086531
6119950
5851833
3350817
1845182
3065755
3107246
2680007
4089959
4028048
5242628
1047431
885248
1108140
2317845
2446638
5200005
1316886
2700517
3499976
5690506
4583874
2861829
614554
4155436
1721499
2798506
1172412
390804
5541484
2886074
5155447
2810629
5209216
4629429
2067378
3847744
4373442
5671952
4071818
4212406
1226717
426786
2487144
5910214
424889
6296394
2332120
3587309
5676147
529892
4666560
1425131
699572
5110126
3765789
2799025
6334739
222199
3571046
4550204
1745760
1437650
4144638
346945
6103287
4380489
5100648
229325
1365087
2236764
2350522
2037060
6076711
6148384
3419830
2634980
5123476
6158551
4882973
4257607
2467408
4219344
3490593
4735721
6111748
158172
4433888
4187059
5312765
2418820
5688579
1430518
2300430
6166570
43574
5816873
4756163
6281388
3151469
5615438
633284
1703463
3917634
1344540
4089754
4015260
5987871
5807539
3038318
5059684
5600615
472696
6085616
4311569
5369238
5979498
325764
3744531
1955594
332519
6216089
4799772
5227251
4986127
1054319
2667756
2443555
5124637
5787921
989195
2636947
244693
2929540
3191221
557962
3043147
122060
2953325
5673360
86529
4378521
6045707
4641993
1966203
2164933
5559860
3946669
6218389
716761
4163731
3360565
1073490
2982193
5595579
1904829
3626930
2224522
1212248
5272438
52604
2368472
5705900
4104791
3648085
5840171
3954602
5036689
511792
3379753
5030020
5291677
2035414
3524374
2087394
671025
4840644
2273672
5237293
1921963
3518894
1893934
4481154
594202
2118954
4455256
2166529
1984537
2626434
1667612
4141650
5146962
2698180
5717264
2820154
3737093
4003570
5109202
609485
2106932
5560936
3539570
5695756
4560014
5381954
3261472
5476226
2265705
1564621
1128150
269134
5222600
1078029
769806
5678692
3128424
5074065
3470036
674021
5442960
3274020
1514599
1849236
4563080
1884813
6233343
1677308
341121
4599055
5312824
4828952
3174912
1008095
1162119
4978606
783203
6208125
5465417
1383638
2975112
4677316
911362
4591443
368500
2376719
3246932
4544956
2621295
3149539
975980
1999539
3122677
3543485
2821173
5497432
630838
1232999
2218003
959385
5490026
4673237
2657749
1039785
4525804
5224276
3845536
4728217
3856600
5315325
2611565
619078
3376079
1329834
1283607
2848317
3444496
1001200
5508734
3854617
1967421
5698274
1021093
4102654
1426132
755750
2605068
2890231
2543323
5737643
4295983
3112164
632894
4846949
2206717
1061708
5913435
801094
5294564
402497
1764410
170693
4530942
3805232
4274624
1433062
5422926
4252977
378928
819470
6072325
5538957
5641917
2202993
1363570
1477777
102313
3507705
5421850
1966317
922732
4825818
1232042
916767
5132674
3631674
4154321
5025325
2961939
1411025
4542482
5121754
4822840
5848394
607062
2440185
4813027
3569566
4601958
1487272
4429023
2330935
3655955
4722748
1757562
5096696
1811583
3459358
2399341
4927605
981965
2526453
903003
5170166
3089082
6040133
1538698
626841
5729652
1725810
327738
3317961
2092860
3849826
4353251
5863781
1321327
4816327
2291079
2860541
1271798
2613889
3766460
6236622
5170314
4305267
1639447
262029
3715058
6134729
6030874
3240969
3139777
6366905
294843
1920916
5960710
5580934
2707681
1742086
238894
2882596
6049181
1745304
5074510
1761634
172686
4250583
5040121
1832355
1219700
51002
1624495
1510725
1225954
6252425
5481423
2615504
3987731
3395353
4419573
3158192
3679973
2243709
901905
5733369
203707
3327219
4141715
2924429
632176
1791339
140774
3393920
2950888
4042957
3883069
3367152
3552322
2016015
1344898
3211500
2417320
6355781
2272609
2202710
3421982
2301426
1333620
5883287
4291006
5741938
4649251
825403
4419631
1820269
1259685
6239158
2370105
6141130
741048
5498200
4597637
5954196
1147943
1631908
231725
2171912
2842251
3498193
6373504
4772735
4416918
6096299
1954508
6105665
242610
2659973
2871593
4018784
1115011
1374439
5899499
3201393
1970147
3110148
5360869
5762108
2294131
2322861
1334650
2807279
5457948
1640230
706853
6098343
1847394
3934858
3293816
3198014
1986237
2656950
969095
3487673
4268110
1438392
5347739
6131465
4682904
6094755
611006
1973680
2489230
1444765
922639
5847295
4645226
1993868
3748051
5957912
683724
4454861
5064218
205638
1817552
621507
3636825
5545458
3483987
2313358
3859047
3774446
2279679
997887
1254193
2152599
5349843
5338626
4457710
3080424
6361286
5288678
5638420
6033828
781972
3728463
1059871
2404695
5055889
5407913
3697044
2883725
1934175
1169201
566597
1440509
5896534
2361252
399971
6306989
4580758
1357006
1681169
3144854
5007873
5355780
5821059
953682
2848588
389745
5402900
1382459
4020489
1471814
1575469
6237415
4371224
305498
4901149
3705613
3271788
4639688
18780
3050590
2630782
2561306
2785063
6156292
5424027
5881402
3842553
5517431
571847
1552568
2729959
4730570
2061051
2229538
375199
3495679
2219767
133755
3266420
3001343
2726310
1858547
3466549
3332990
6292609
173724
513265
5673118
1346065
506787
2653986
5683793
406734
5778676
1415604
5266347
2794265
6019066
813005
2241434
5868215
6178646
5614441
5010372
1080684
9775
221538
1565753
5247423
1028197
521628
6087758
3613752
4013421
1261353
4690026
4251561
4914886
6106473
2522470
4703181
4820800
4091941
5579448
4955643
537644
3814993
67866
2395440
5478465
2413262
586970
3743077
2420914
1293318
2610190
4438668
1332474
1352481
1001887
3391235
241099
2097701
3505303
5744352
3559918
923914
4683057
5829295
5617983
1066431
2308885
5141718
2945248
4345372
4499894
931738
3816577
1980026
3040755
3258953
867633
2680522
2980679
4057492
2758753
6160237
1078723
1137281
3727268
6351710
5188333
3206676
4748355
2229043
2830293
2343226
4709007
3452496
4541275
1589108
4071950
2865731
3163659
5851541
4141657
89715
2492724
1240185
5809572
126021
366885
4476500
6384702
5658948
5983850
5319410
3011224
2082695
844470
5888043
1416747
4720409
2716105
3269591
4050781
558534
3885147
2329701
2642801
5129630
1025336
5506807
4889826
3967910
1911990
1593269
3558240
1617041
4424389
838740
6321168
250697
612918
2363523
525783
1023845
272342
3591598
1034440
564147
897284
3653203
5240728
4298498
6139547
5625132
5715655
2977899
3320394
6151265
5603566
2940122
3521281
776739
982184
5358312
2705010
2863055
6155385
5101459
5985537
3215720
1328364
4824706
2731696
578633
4974496
4656393
1607252
1772128
5808345
5795158
1655585
4953149
5765994
726221
1031995
2859431
4482534
860774
557292
2756575
5875336
3808526
3281889
2200554
2650993
5818466
1337790
6383096
1711886
2978294
3956572
2160739
3139795
2857357
2427489
3018438
3468916
4582887
5185422
2101677
1820136
2442439
3352020
2220512
2169324
5925466
1134271
3843528
1846251
5789622
552498
2266385
5828517
3869643
468850
1955802
1694344
1412821
1759775
3329878
461592
5082514
2217299
804650
6185035
321561
5304954
3617396
2675312
4083786
5395631
1557202
4311826
6272127
5760140
1330363
2647484
6304738
6039387
6317797
5866096
2880712
1127181
476029
4244650
5464324
5805445
3744958
4049823
5680503
1166798
2458587
4593481
3221852
356842
1626962
4098155
4516131
180369
3249410
1709088
5385448
4203165
5262267
2479572
2388109
3336124
1482905
3180741
1535290
4451503
5549548
1713800
1806995
4307950
2916442
4936937
5391919
1171840
1634865
1645035
3549833
5394286
3795976
4968338
4878633
3675124
967334
4228766
4844448
5430282
837073
1335407
1970248
2385
211116
3493494
5615065
1927540
4699649
5216063
4600038
5317153
2823957
6109886
4640346
5261460
1279964
2035969
4920657
3417085
2590211
4866216
2596956
3835982
5651289
5873294
5960791
872791
6243044
1740168
877844
648489
2481205
764432
5756891
2933139
337054
3772902
1762007
2315321
333815
2919679
345794
4744112
949558
726086
394396
3105954
5401010
2345586
4449258
2091014
5809096
353031
2202579
908853
591943
2124144
2372018
3039162
6051227
3048529
4939246
991541
1822780
4067187
5999171
1894966
3348300
3167641
2499548
5280709
3979201
5220318
5019342
1372766
4673848
6328268
963119
6289255
662472
5351908
3630207
54192
1861327
543173
517272
2525973
5967719
5094950
2594574
1077948
5636933
2183691
5558204
352020
1683507
6092358
5918623
6142832
4869462
2083916
4058942
6257765
5543883
4484354
5353821
5791181
1430889
3818350
501306
2820273
1511379
3467179
1816560
2044859
855242
889690
639787
5278974
2191785
1143521
2397995
4326021
308643
82754
1328023
4128191
3263033
5607181
5137156
3832877
2222570
2768521
755967
3976615
3850313
4568045
4664203
6257808
4973534
5232638
1883510
4319096
2074406
417696
3568762
1861002
1378658
3292074
1276334
2938204
2171252
4943178
2127116
2526079
940288
280694
5215220
4985581
1456207
929307
5708959
2545497
3478018
4888463
1010472
81371
2563240
4754336
5187045
4039297
5234979
6199707
5598950
4851209
4670383
2890223
1528889
175798
2547013
5562484
5836330
774248
891885
3446822
1208650
3904000
3920106
2638473
5238348
4008098
4165847
1604978
4761863
3782221
2804745
2230963
2573071
4061460
5321964
6047675
4961631
2396745
3418416
1298864
1337002
2188031
3358271
2126320
3843275
604840
1724348
1619163
5175720
4514744
5307060
5675170
270378
4460608
159682
277705
2963685
4030174
448759
4393882
995804
5735476
1666127
4998038
2326980
3114377
2026333
3320099
2174989
78662
1424884
1091826
2832508
3069760
5622221
3641318
2032562
2915858
5226458
4874028
2253620
2389429
1132802
545763
6028136
1679501
162662
3659160
797413
858520
3812619
524345
2772642
3864899
2173556
4681361
298754
1072152
1962637
6025494
36286
2334931
4157583
5237930
6212447
2598365
2536988
1891432
4580417
4871685
3738409
6191497
256730
2080618
5563389
6044442
443274
25538
4320784
4750596
1678168
5879121
447486
281726
6364410
3333942
3513033
3299757
985975
2165206
457626
4652440
5644078
2832666
4176115
55716
2695531
2818019
4619353
4194985
2296196
3802570
4347622
4525321
5257600
2700506
5177115
4978807
2674828
4928610
4471129
3147099
692067
933181
506923
4022123
3261636
6115632
4951323
4853259
2211541
5962711
6044659
20681
116182
1873965
5662841
4856714
4601302
12398
881853
5957779
5005457
1378601
990115
3233346
5741403
3519755
5217552
172699
2640829
4991255
5969943
1013829
3976724
318578
3142477
4805266
14636
4948834
5486519
3302280
821006
2579941
6325777
3870807
4766742
2406285
5009867
3572103
5020283
351818
3189092
2330074
1179765
2121875
6220243
1116065
3755363
3678536
5053542
5451694
5484849
3673866
3602876
1204206
3857511
4584812
1425185
1963313
1058666
2307247
896504
674230
2439525
3171359
3990358
4638244
3973742
3746271
1416564
3523301
3676825
2180569
5895280
1311073
4332771
3004726
3268322
5576734
6178422
1657612
498521
5829349
6119364
5049194
2258745
5539472
2268696
2004912
5467842
3073694
1824239
2014402
6185870
3331162
5623355
2262080
2633608
3967147
2295604
374971
400020
494418
504526
2287313
3217831
4572440
5265549
1752211
5714975
760139
2354355
213325
596672
5221721
1307578
5812062
2349330
1949998
4295044
1672663
5295464
1613441
6152495
5232438
1271000
6117273
1612458
5086158
1638043
2068662
2892591
3771083
3695327
5006091
575165
3707076
3271905
1549038
664805
1246990
4464088
6226806
4316671
1201838
2702838
5342199
5597034
5814361
1048631
1341305
3410989
824771
365546
2219317
1247744
5051023
2450736
4121470
968202
5206507
4906166
4493976
392075
180419
3797711
2401449
3727949
3761544
5172045
63546
5150010
1581495
5687894
5595990
98847
3252560
1278898
323694
3699326
22780
5653715
46017
808961
3731148
5366942
1120500
4294583
3620951
1090191
3995685
4725067
5823489
1168030
4508151
2783189
6374517
6070036
2691712
4936894
4257290
2874337
3486498
4469368
3478968
3851319
5708350
2155109
6132487
5173792
4364732
3831034
3671467
2800307
1699004
4780304
2752707
3661685
5290643
2089215
1499278
6350095
1534916
5510072
6255287
3548077
4521429
3562875
4330224
471193
3827654
5229947
4174534
1975849
3652331
3510703
1231040
1899546
2778105
806703
1534074
955350
3896958
5719130
1132961
3672188
3027701
4791723
2793461
2150458
4452797
5942552
155194
210651
2992442
1696403
5758849
5710401
2264356
157575
3491727
4919505
1217288
1020632
3015583
4467658
5955297
5488100
2325377
1774019
642324
5047713
43051
4965701
2854551
1129364
4912434
5216087
5519858
1923451
2935826
3002276
5596025
3804021
487457
5558275
2506294
6242373
6245104
3542035
1198584
6356619
1265133
374874
4431520
5660418
3528570
5335315
2823733
4965855
4779722
3236810
2993328
126970
5922076
1382001
5244806
6112498
5337463
41009
197985
4281286
3352366
6265440
4915264
2037394
6338217
5974190
5268063
3462740
6264814
2670419
3892892
4597838
1691328
397839
3516915
1522435
5570664
4355664
5043428
481718
1286190
2917204
4037285
5216264
4078221
3071811
4266124
3510966
3283915
6235796
1320313
2413041
5588870
5204517
4389577
167143
1609727
1428427
4306007
2278302
5484498
5444728
4507180
3687381
4518872
3160850
5440367
5611332
4179657
3374383
1644701
4150474
1634275
2085334
2039690
1517170
4882112
1520871
1125932
2525637
4511363
3134276
5899476
492138
6001644
1878665
4184798
6278000
666663
5630935
4547651
778465
3225580
592723
1186798
314430
169629
377610
1802016
3523689
2188239
5448825
4646058
1476128
5207677
496453
432802
3765629
2511311
648655
1881036
2453017
4382456
4682077
4347104
2943341
1468562
1411753
1590783
4627965
5620434
888055
5699693
2895879
5106723
4232819
1595393
5992065
3566765
53867
3031949
183178
1110511
3223984
140079
742336
5331659
1043207
1593544
2910183
5304601
721808
280585
6089917
3951196
671542
719079
4659469
1989371
5002718
3308790
2861227
1065500
5435928
979794
4436252
2240818
328623
3104631
4088620
3645241
3927449
6134599
4271196
148064
3012984
5956160
5693337
3616952
5777425
4787557
310905
6299314
1182457
5552131
2707366
3399804
2681812
4430598
191504
57607
1173049
2548877
762068
1000376
2158844
5727210
2193721
3717052
20719
5826354
2543935
1785712
4048568
3667566
1318991
5462710
2791459
5317187
2585139
6239722
1929606
3187023
4538797
4145141
2018266
4985987
3239039
3455896
6020928
2554443
3404889
503416
2185531
5406726
579588
3369239
1940825
1838625
1214719
3178431
5233137
3979456
1838515
1777746
3828233
2415519
2790499
2095008
2071026
954704
3132972
28577
624281
3464811
6130651
6075705
6064760
3933160
1725504
2410672
837497
1297082
4269670
5886371
899453
6115234
1732093
6275774
4676424
3007907
5054403
733251
1421286
3209551
2457866
382438
2450872
2249301
5854563
5446666
2710610
2160009
5532768
5332010
5022625
2786632
2948711
6059684
1398392
2686510
1138691
3923484
4490670
6118871
5796039
2413125
1710452
4425538
738185
5843522
3937280
5702809
3496221
4622235
3795245
936164
451530
802479
772967
1522245
3533588
2774876
2236052
6310504
3600169
1711680
4247007
4029767
4804056
2619229
51980
3689759
2696359
4549468
2462591
5161851
4129760
1854512
1070016
4844530
4911744
3019276
4827494
2973040
2959290
6322633
5482112
3844889
5006626
2019726
5182629
758046
4735536
5902671
2521284
129492
4222730
582401
1403037
3399557
4032564
2531819
5601918
1176556
5788819
6246574
6052977
2578475
626602
685329
4552242
4553533
5115790
1723881
714616
2553407
2976377
392007
1587134
2529472
6368942
3272170
3743955
796225
5711747
3153192
6279522
5321663
3799002
5416535
2322082
2935580
5870544
3748807
1380753
884645
1669803
3263878
4466356
1136620
5293766
5976938
2959593
3057779
4577521
13358
3882521
4344368
4088539
1193223
1987143
3385207
3656680
1887143
2911656
123918
1217208
879548
4610326
3577965
3045218
6240792
214704
4444708
720732
2494416
4982702
6164230
4192879
1228335
948412
1420355
934599
660752
936531
460621
5380823
4134263
5185091
6137871
373541
4133698
5074605
5138141
5057974
6035919
855301
1857217
576598
58456
723381
66082
5398980
251839
4941075
4487378
1567099
3027927
3657915
6231363
5978619
5609529
3621805
718504
5070312
1675114
6371127
3087686
4299960
5742682
1388226
861895
1462289
2199487
1122966
2859521
1367237
1874769
1335463
5144464
284610
2137373
4164128
1877223
1086314
1837017
1406558
4176889
5947710
4362558
772520
1704015
5578688
3018851
5513608
792517
1196302
2168539
4554622
1435493
1075589
1176009
663739
4075699
2995818
1508944
2077289
4405548
4994753
5785732
2047043
135490
4590199
6062428
3932616
5937030
5037735
964638
1871268
4457551
605682
5179157
111569
1313096
4560260
2907410
2287591
2020407
1633316
336299
4251642
1654006
3942830
5414028
1897338
663410
3425937
1952686
1530633
6299612
1651561
2827972
2147459
2502997
3887478
4038223
736414
6033064
2116644
529151
3025701
3931875
85054
21484
6329117
3130467
4770434
4279428
2341882
1339474
6013358
4548412
3047573
3337627
2601601
5544612
869734
279371
1568774
2353729
3842305
2115286
5526787
5530262
536268
2644174
552565
2383279
4174063
2927092
5891795
1158462
6376522
1830819
5163850
6036580
1255557
4040673
4732924
1924750
3744544
4687387
1860620
3927160
917319
5672597
1500970
2613692
3692723
1171556
1646976
1715585
4917261
2909094
4054121
555522
3194595
5537356
4152779
5812548
3429934
4260493
6125411
4916357
2051966
701821
907009
6222722
882381
3081244
6283221
2997747
1942383
297161
3903519
5111568
2507749
3629384
5832680
4293372
874942
4552027
5252900
6079945
1931639
421366
3982533
2054416
3885408
2795533
4859649
4423271
1979392
208446
2997609
5616649
419352
2449140
3169717
4159912
4890511
1744976
3611540
1063531
5632844
3177053
259252
4410928
4131455
1812450
3571189
5046842
3278361
4753649
3565703
266102
3014987
2976881
4806260
3953586
466541
4829885
4277867
5373837
5386365
2720387
3235593
1810173
3619381
3136341
2928082
5934417
4416124
635511
1464778
2532560
4420277
5746257
5500476
2740032
790270
1695037
89816
2689674
5665148
540341
1067389
195616
3710755
6389026
2466373
2873147
3853572
954388
5837603
4296678
6073323
3410148
3602175
3035820
519498
1088397
1426642
1114164
653410
6300706
4799859
1150184
4367785
4290662
4617344
4693683
5152030
1079856
1906390
2495685
2358149
3908440
1205962
3138838
2374682
138991
6386722
6169842
5623817
3775164
2462172
1037951
5681668
6168640
1231533
1483242
600509
3885080
6075874
1416125
2855078
4739679
3709431
1111974
3755249
5604522
1578552
542442
4782429
5855598
3476367
746813
4442486
4625092
3796156
1840589
1955423
6212940
4778735
1718887
2864047
443541
3437508
3670541
2002072
976346
754049
602857
941864
4123942
2617510
2436021
5441849
1450213
2587778
438503
1470183
3504565
5701431
800546
733949
1195343
6108505
982161
1819494
6015059
1272927
4497418
2819770
938820
14360
4423288
5798774
5210969
2535277
4527805
744022
1607477
3431742
1547544
3962270
4807607
1951034
2679054
385745
4374807
556763
1051791
3378588
1695893
2247345
3790043
4183339
4531452
5554214
5539891
3783879
188056
4740169
3656908
3221320
5442627
357600
4026059
816988
1136357
2302976
1827697
2971056
5862281
5627185
3313532
5347576
2987879
3561713
4946914
2026930
62488
502101
3736534
2659632
4710186
998291
106223
1596822
355113
6214255
1055413
3813566
3529969
1281501
3675131
3854761
92693
6272734
5541179
2836405
748251
5315552
3184669
3971354
4476890
1222389
2899585
47427
3413225
2477663
1938582
3387219
2128496
1513941
4695312
3498077
3607365
2269004
2666087
5275562
2948537
774719
751246
4587423
465559
3778804
343095
4301615
6203275
24729
1381695
3263014
1846368
644177
709136
2738860
1887816
836539
3481483
298924
3131515
2310343
2742054
1277631
6001772
5229621
6010429
2147069
3100015
2886885
4094369
5521704
4111181
41450
4421447
1792414
4369651
147068
3725693
3649433
3404016
182223
1350057
616646
292951
2194343
5803699
1148910
2694066
826880
4113204
5892601
410598
4793671
5157385
801948
5721483
1400228
5634447
4659145
3042869
200326
3396506
1037442
4987855
5460262
6103910
4532497
3204987
1223342
6017264
5825032
1257870
3923995
5093435
137610
788177
1351970
6025701
5376564
2875203
4541116
4726892
5878315
2065180
3166028
904168
290181
1110666
2652573
2455714
4095356
1068035
4464727
1113654
1982382
5066714
3365838
4428140
2300124
1303695
1767940
1233480
1659638
5940577
3286055
5026762
2889006
750163
152384
1567674
5099169
539186
4687565
5286292
330092
5415869
1069734
3415396
4384504
2022328
2239426
6043159
3612256
5666058
2815733
2925870
682331
739132
3341213
5763265
3248788
4099503
2057601
2403485
4963484
5692641
2085801
3471992
5739948
569461
3751622
4435560
1946289
5255533
478343
1392370
3621629
5092340
3054466
5768395
1755826
1151237
1283922
5012842
4495112
4858447
6121422
4413233
1491834
4614894
4718919
3426245
5339794
1484732
3660548
4813033
5975676
3512860
5067554
5173930
7236
4716208
3535724
3971272
2913442
5229589
2302401
1490304
5003243
659506
576099
1855699
307427
2275
4680034
2556830
4529924
3439720
4608243
5555665
906366
4664479
5935014
3911895
3580922
3155936
3750492
6086857
5378359
5211539
2285835
4219125
2544636
5924146
783578
5202040
5845532
3578668
1878150
2485185
1925711
1259427
3253159
1107372
4071651
5939512
4125983
6345546
855478
1348221
590646
5378446
5970690
1210600
6187910
526407
116188
4570588
3939354
248375
2055575
2672330
6284443
3837698
2850996
1506606
6262486
57978
5525219
5630993
430190
2427242
2256771
5120268
3169857
3107341
98726
2551495
3283365
4199468
2649129
5590235
3291258
473692
32903
6029275
239975
1050781
5297542
5722114
5479449
4353299
2595296
4062314
986019
5206186
2332452
234675
4670554
498951
1890214
2394565
3124772
2754727
2285583
1801425
5694125
607998
1725964
3064572
5956257
238230
1572523
4369810
5143295
4147673
4995787
3244543
3611116
1914262
1481026
5575281
3777172
1281523
1402007
5000440
2229935
4883350
1376625
3928610
4579815
5476101
5459869
1913306
4718019
2984453
1945645
4513767
4276752
668912
3730550
4462999
3867408
2433282
2760684
5929580
4930688
6043631
6323668
3703192
1386608
3826895
1267083
5251561
1506463
97810
2121499
3574102
1414623
1700996
6285362
696344
4223446
5323440
3398639
6123223
2149212
6053995
6279910
5131681
6379972
858417
3317364
6078583
6106551
642714
2878918
3697755
5166004
3373394
5350768
4338684
1661338
1267536
1135693
5989130
4981729
6149303
2542631
5972955
1048835
5191597
225483
583157
2724031
6273901
4837258
2675998
6255586
765967
921836
641126
5163798
5686292
4355208
1672288
90411
973934
3662938
3182303
2195309
5592192
3889098
3776840
204402
2445264
6347010
1620755
1627143
3219090
2138434
6194565
1367804
3033853
2764057
2202213
548823
2436159
1198194
4867520
526576
2608112
4784488
539703
4023709
1788979
6056186
2949448
285873
798009
2635290
1583645
529477
1453660
4249131
192265
5455102
1011806
4214369
1446826
2907801
3122695
1742470
4519420
1550694
580758
5832419
4789939
5016597
4170117
4545608
1117809
3696186
2866603
4712405
5915930
1390230
3097539
4697772
2056055
2566580
4861739
436536
2658272
4216791
381365
4797883
2647685
4566099
2746361
4478878
5768008
3432684
3025860
291015
1984559
4221919
1332639
3624356
6022527
5655756
4633891
44223
1764590
3647414
1661995
4714262
3634327
5113728
4833053
4033
1177903
6228704
1882051
651181
3757889
746375
5793759
1293905
5664895
3801071
1554787
3988730
4626908
2868872
3427995
1533455
1286960
4656303
5313626
5434049
3423958
3234413
1343376
6179160
2308050
3863430
5689101
550654
4486768
2480636
1597236
3078665
3067060
5372071
2422303
2808214
5174230
2897796
5044808
3768697
814648
1706223
2948254
2245837
3664905
5890109
2142822
1384812
113948
5949074
2426345
6353295
3196053
2999666
6102057
4106424
3305486
993547
5731200
4589870
4105781
950951
3958637
5491618
3063679
3297683
702798
1066723
4990131
5384284
6313705
5127873
4290016
730812
4681995
63712
5195083
3502057
1015841
1301256
4753635
4883798
3189163
3764189
2096574
1733389
5970238
2852576
3450962
3107854
5302262
5981918
1466915
4383907
3193968
3563781
1501632
1484378
1803684
5566465
1565968
4078982
939471
5299965
2332021
1513649
5475700
2837663
4000218
383240
6050992
2033419
5117225
2469068
38605
5413960
4620026
4509869
3810247
1493861
2575045
4069972
1913009
2834068
5983405
6008731
2676749
3079154
1715106
1276194
910681
166044
194785
1523306
687067
3763299
5394260
3569710
2940319
3780362
1609538
439812
5185931
2314509
5468405
2042382
3107342
3234452
2283717
2179228
181854
6082154
3922105
3622556
6382715
784943
6028987
517632
4984627
1834600
1464656
4342374
517503
6007634
1976330
4597948
3080116
5676564
2013488
198157
3173618
3383626
4462195
233516
5646390
3615876
215279
4331315
3363773
4016313
5014051
3102491
181267
472988
2964002
2684020
5897014
2734804
5928695
5754550
4988113
3242786
1244093
4314056
2101740
4111883
3529642
3583817
5863778
4662855
1322203
1776435
5748254
5373570
606363
5547370
1281387
4276604
293134
4961666
5506254
1880659
5964545
5926675
6172229
516530
6357732
220235
984138
2336834
4388085
6248721
2840864
4499027
2868290
1027326
517010
4172161
1636415
2570054
5765945
5355086
6024532
4623821
5876951
2894624
2957564
2804894
2388682
688302
5818971
6135609
4707125
2491407
2439014
1727729
1878536
4340661
3056234
4442049
3242832
6161861
931081
4646769
3876110
5617999
4653823
2905218
417032
849436
5086502
5166038
1825732
4361673
4558726
5159711
3909423
4765266
5257312
2016421
2430909
946853
3785491
4302937
2304660
5523363
3419886
2670283
4397339
3456892
5259500
5931468
4568098
3488123
3309009
403431
1450472
3594099
1794826
724471
3788182
1850094
362720
3433131
3453787
5333121
4759509
3619990
3113060
1536303
2834905
3788731
5154438
4309571
4932276
96389
3539080
5519017
2381080
1079478
4166866
2224607
1496315
897845
349190
1567153
2031762
31983
3752285
1488659
5450923
4933971
5512324
3267490
1325363
4069394
4413645
5173738
1040136
1371217
1614836
94967
6322691
412534
2441628
4426084
4556365
4673962
4088199
2108933
2812635
1872503
4236194
1164260
4839609
3719974
4193174
2781596
5400393
2540604
319397
5932470
5312082
4897779
4426640
2260607
5493848
1709886
5769585
2500053
4137593
485423
6316382
1996951
1410600
1411348
1918984
6343107
5284189
589255
1541304
939015
2534276
4135112
1965488
2011689
4207948
2503958
3317548
5884894
1672695
2838732
5028693
1517336
3052576
3325121
2424471
4955807
4801695
228331
2844377
2967015
3938386
2825481
6181303
2233182
6084664
4146580
476273
2661837
1313012
361741
1686304
336535
4957294
894159
771709
3075986
246392
6320014
3998199
4575175
3785784
4251932
3076965
3296864
4727747
1844270
3360040
1937369
1106224
1964735
3294489
4316488
1637998
3821496
3060551
3023709
442123
6205552
4034297
1734718
4694
1013181
2326549
1473732
47367
1780077
1084668
5427486
4254284
3311137
3872256
5389889
226078
1141445
2949200
455788
6325605
2528346
2933920
2846865
2524076
1486086
1556273
6171338
2391609
3992627
313484
5868065
6260454
3069295
799731
3541601
2337588
3745738
4880897
635928
945180
6005475
2969001
1659509
1969483
60231
4635797
638413
1659666
6336780
4648867
454505
3093376
5900339
1220328
5075403
3938495
369724
1584804
4150988
4824684
1869737
489670
3194823
4794881
1465075
4338013
619832
6034762
6097152
4776489
3869523
4755471
224269
4864061
3803404
1917810
5771507
5939682
1455579
2988862
840327
1362688
1483691
4244535
251215
5262863
1444138
387740
5196976
846743
771468
3944599
2025647
796824
3286865
3030070
4608621
1828932
4833217
3274357
2861448
5705322
4028010
3364071
3167399
3828933
453074
5363922
396205
4978318
2761781
6269786
6367643
4056589
4336753
5606766
1119914
2516392
1784095
4606006
6125462
927013
2342874
1977045
3982358
5437089
599408
430003
1788211
1384492
1903081
1021683
9930
4046780
6198588
2991463
2593108
1422448
546388
2669172
3582963
2888289
2113479
5230918
5500955
3084067
1447833
2941034
3084824
915136
6208342
3362528
970874
5584561
5431820
1696986
6125706
2681213
5427996
2597773
5657208
606664
5492110
1935967
834953
1601232
2895213
4974216
1289452
2790824
3093425
2421800
734426
1965167
2464108
5750513
1149917
6154007
1562516
143200
1387133
5891017
6003696
5768022
6042726
5913851
698045
3435861
1724487
972234
5459737
4323181
2292221
513350
217713
4394184
3509205
6287723
4288053
3861487
2623393
3482066
1933685
3894975
2368151
5363294
1054936
6138401
2644638
2475351
933597
3120177
5103893
5181029
4221585
2514558
2290010
2506721
3555771
4471308
153266
5756766
4399673
4489235
5032003
6069360
3461237
5041707
587633
5952036
185614
4446765
3126072
2631230
151612
4208004
868848
5943192
3792197
3199780
2603807
5353079
623567
2204914
1729842
4401508
5298654
4326426
3077036
5330732
1421301
4925356
2240773
6380942
2758578
2955484
6100376
254090
1706605
5564176
6362943
2210280
5834443
532406
1108626
1140918
5495663
1808508
3222971
2474179
6015493
3086095
5995942
4849752
2628061
1321045
5944534
2606425
3381222
6377500
1160891
1153760
5088094
2015161
2750746
5572786
5951515
5504639
6374128
2523260
2788403
3931115
5576806
1810817
3531215
4678774
2482734
5390801
3791615
1505986
6357043
4359474
540364
1915566
5597955
4032840
982561
3721537
6112856
1082321
4803611
3978169
5274800
4007210
289424
5291413
2428940
3686052
1720186
3083686
2282082
3320990
2832265
1652348
655586
4044108
5413436
4895451
4533937
1078880
3499627
5152033
3599487
5133310
5907074
5572441
2209115
1859006
3562968
5213208
2024881
3741578
1690669
5345038
4955858
2074618
362436
5015808
4671598
2036067
3062331
1405764
1164915
3224553
2766574
2721963
6076905
1610121
5613576
1697637
4238987
2226605
5669307
2988684
820948
3739247
3823885
3458127
3655895
6331314
587364
1639757
572884
3880684
3231509
5182601
3199636
49929
1531460
464074
2030192
5342747
3607821
5249064
1252555
657552
1407071
4241404
3213565
4201285
1833913
2111396
5990370
5568930
4015775
1516983
4612753
2331769
6291129
3231732
4650575
2575463
392650
1442603
1324103
3799557
4909239
409175
2029293
5056820
2286391
2037022
2519896
2947831
3446496
1622045
3072718
1504934
2358851
1056812
4205570
1452189
4636441
2006640
5418717
5023706
3306332
5783954
1368754
4053022
863748
6150643
1131327
5309953
1408422
2423268
3998892
1804575
1169635
467567
2687980
5856839
3402322
1099121
4201965
5906625
3091212
5346328
4606242
473632
5616221
1223494
4342880
5792167
5285320
2255031
2236362
5033704
4124344
975434
4417967
4142417
2205459
275746
598173
1006356
2182421
6301726
4096556
654432
1295634
2078215
2185622
647470
5660412
5958456
1376402
4109135
4284370
5542094
2569073
6253901
885531
5096784
4959238
255379
1576865
5774921
4190845
550176
772090
4178688
2656417
3649554
6383184
3279658
3975512
368124
6186714
2894989
5388476
3899012
3021785
1018341
1418079
6038228
5949393
4897127
2502247
787754
2036979
145486
6067463
4642529
2864956
4426328
4314078
349937
3315058
5801186
3668263
5838641
968206
2024810
80787
6338883
1321268
5863984
1525350
3605216
1088241
4012026
6064427
5090261
423269
3579833
273727
559730
3704646
6279503
793736
1396829
384386
3817452
3440193
2852932
451289
5441565
3695646
1972434
5774818
4407048
4848022
6232824
3546467
4800080
3203773
5396802
4769148
3016213
2903735
4489737
893890
2553267
2029791
3791709
5781181
5649524
1901623
2436
3339183
756284
1944808
6328339
4118975
267398
430114
4034842
5058267
561724
4682447
206743
2624952
3763241
5189949
4369988
3650208
191184
5734893
5411345
2210145
676153
3701156
1461439
4967196
2512922
5485401
2587571
770812
16980
3323999
2365337
860854
1104005
5017399
5693852
4116455
2986765
6360099
816189
3705182
4459775
4282531
4809636
1457875
739131
3824729
3901234
5135186
3290538
5876519
4274324
1685266
5328322
3448829
888305
2905472
4536112
1534207
1263000
1355405
2889030
2023016
4273063
5783081
1325905
2089318
5038530
5907357
6314361
2372349
3681633
160862
4912541
5428428
135148
5245627
1715376
6098737
6347847
1325193
762729
1229104
3257697
856227
6045231
2057585
842104
4589035
3259271
98968
2190464
954063
459569
2311579
2176888
6241565
1439227
2196041
1093741
1575772
3276889
3399720
3839859
595271
3618756
2345136
6308432
4578912
986888
5167803
6338863
3820697
3371861
5191092
4334971
3873666
3118812
4710539
3597477
1865543
4005996
2408330
4386580
4663177
4819242
2459736
3229872
5831480
3227100
2554627
1297190
2946151
3537763
3131106
1603588
35317
2119242
3889966
5938923
6127823
786554
2121271
4244991
1459617
3553706
5021233
4818037
4376865
117187
5501232
4523946
4239455
1785809
2202379
712295
768237
5641145
4589838
5055045
364286
3713808
5528908
5069295
1798399
3248733
6113309
1125197
553686
4239908
2732341
2347221
5426005
6183051
4744195
5222417
3009845
1683986
5277019
4029407
5842426
6226158
680506
5357574
5271643
4223831
3142293
6267808
5886793
4637572
3391659
4197513
6304029
1533503
2275718
1817142
2108053
2096904
1129514
27651
2728219
2027506
235886
2971577
131812
1753572
1845918
5743411
1886467
2729482
414601
3602506
1017819
3960644
1546665
4903719
4085721
2366600
6057766
4964373
201279
3849576
4634963
2628602
1691918
1958288
4658879
1982975
2251608
4144900
2319934
1251063
5082525
3021573
3228095
3994866
1444707
1909678
2231742
5470739
4259749
301271
3429767
6226182
3526346
2518330
2104069
4763920
1999156
1239603
5180761
3985865
3589683
1067409
6170137
332376
2237510
5182385
6224871
4876570
2975505
4757636
3354425
3192490
2370843
753773
3915846
288132
1827841
4235015
585591
5257513
2795681
5409467
1907547
3948741
4225580
1688477
1301225
3905145
694406
2583973
2520059
100051
3159964
3389126
5117521
2215699
2558992
5905576
3711676
5404744
4231456
5026903
3370088
2074064
1052886
337128
243491
3255944
2723690
1765214
3006796
5103120
5118411
6141334
2198159
4002059
2159563
5777363
4062602
3077250
1748194
3877614
2277313
4518277
3594158
1758703
5873695
1394402
5557606
767576
2837448
2555653
6201821
810980
3812698
3057948
5149123
3814867
4018250
4538376
4564248
4733198
88626
628632
3264226
1781895
3733184
759942
2352160
1403823
4181934
1543270
5528854
3019772
5057755
2007396
1616370
1580621
1368022
1541168
1437455
4073396
5156948
4477919
1766700
3343254
4108005
6169938
4785694
5917889
4324716
4549517
913577
5146823
5677299
3095945
3964248
3438414
4390494
1214250
1156287
709421
3137081
4284057
119587
6332856
3345231
1642576
3408831
3870077
4349613
5789184
4262899
5255294
4748341
4135341
879399
4746257
3759802
4899840
1598870
4504902
4532191
1948020
4408678
3644603
4256732
6259551
704612
1226540
2090473
1976163
6101329
4950914
5850075
73163
4218307
5453187
4742625
2134918
3969391
1869768
5326345
177475
4834779
1960262
1342200
4705179
2144652
4836245
4495077
404691
2842362
1705583
4834166
803651
1295933
1518694
1889947
2385713
5362667
4048591
5515727
1514473
823455
2453807
527480
5473203
1306537
5068554
2001057
2812752
4403181
954628
5583278
1868656
5378251
5155412
5093214
2047861
1928656
593116
4854874
5378927
3639241
2966201
5126779
74477
4077319
1627602
1274857
5309461
2271333
2130845
4994746
1100212
4276115
1469998
3822735
4285244
903620
2576842
30565
3249703
623269
2645564
6251097
780694
2582260
3636312
3285983
5211627
1796785
2858163
1750622
1357925
3209065
2036364
5325504
767327
5911835
1479922
1741936
6082487
5662570
4227010
1814664
2300935
2776429
6129729
3533776
2902228
713451
5077963
2463968
4188826
4944949
383870
515756
2132949
3292584
1145734
1600319
1305895
1992280
5909706
4751968
6341401
3754468
646736
4922915
282977
5695696
6367020
4691458
1401583
2681275
3532944
957177
3020249
5232566
1892245
4326584
2457437
2213811
1423485
5131969
1171190
2106378
5965245
2365575
4753732
2656374
4628942
3304118
4831972
142519
829664
3424928
5772836
4367980
4701135
4226663
342253
6339509
6011422
303218
6233898
3356371
44326
257007
1625066
5213417
5425646
5233288
3879823
5079892
2151610
919630
2814478
4065519
2830886
359981
3275947
5333204
1575010
4993600
2076893
5218327
4691640
1199317
5365522
4616568
1210484
5502130
5306594
1335788
3328350
3030896
4185677
5355363
2009593
5486308
5518121
2755002
5094551
2392798
89472
3534644
2572250
4977032
4730460
1509586
1188975
6145171
1041970
5993519
2989782
4754408
3690342
5640103
2041042
2732992
2539168
3643490
2565603
339243
509576
5061715
4843613
4980462
1375229
3927479
3238388
926246
4847243
372056
2059796
4740816
2170767
2004677
5263064
6369913
740307
1103785
2397521
6041469
4500524
2570437
4918161
977675
1354019
3914211
1570911
1960114
6210450
4935387
724592
4891938
3651951
1270409
2329018
653518
5713778
875939
3153798
4941539
4577740
4526166
5219851
3665157
3981881
4159560
2985775
2901827
2455044
5139423
345246
2054529
2592608
1045464
3437919
2269296
2839566
5738089
4815386
5765261
5593563
4027214
5660630
7535
5374439
3964901
2664194
149700
1502429
4903238
4330602
6293888
1842220
5656287
2470630
4264867
3645467
3276113
1360521
5056873
3882155
1658938
5636785
373634
4328947
449859
4161262
4871714
1147382
1677689
110310
1318689
260210
1493884
5109705
1770492
4080086
5040481
1526841
4242150
4107055
4103530
1059882
5797615
2339396
3806335
2099215
