89035434 100 60
2429806
27660006
34706029
16071693
39336307
25428005
20115272
42954062
33447268
37696672
30170763
24800076
28865671
1724123
5574448
1332637
13390709
23722227
21027142
38942900
4442091
18893859
33772133
32077767
21448518
21660899
35562280
20358347
18582053
37155293
14461124
30456794
35045009
14274438
33631798
38822533
40695012
7317432
20029095
28219558
36223482
23101278
39812697
11722294
26648725
43843802
3263016
16830475
23935795
17188556
34440094
9972004
6969512
19155783
31246680
11917295
39385435
37691575
7886701
29397678
43676878
32888234
16296246
17465270
38605949
8814260
22551905
74802
9385267
34339924
36892943
40602082
38260620
25895900
26843897
21056610
38888889
20962696
807131
40927949
15543380
18192026
728212
14791066
17646695
11007744
34900712
42581899
10295076
1313421
21729217
17784547
42157971
8747434
6334231
3929718
5174592
41709803
12616012
21576168
