100 500 3000
174
63
197
85
300
315
468
243
166
184
376
181
435
371
177
225
317
192
312
237
226
358
424
21
388
34
169
461
323
295
432
275
357
406
359
499
105
178
165
67
331
123
279
202
299
4
296
491
94
33
217
229
235
16
117
268
355
369
256
500
288
421
114
471
58
326
470
440
281
413
7
112
36
285
91
335
387
104
437
320
431
113
60
477
75
414
124
330
479
45
221
451
102
324
42
334
325
216
370
482
454 471
168 183
377 296
85 477
65 299
178 300
178 441
177 445
185 388
324 190
383 445
414 233
184 359
115 200
230 350
27 254
194 275
263 366
183 61
152 335
369 100
293 208
76 188
319 409
2 247
182 292
169 117
259 387
492 344
52 350
318 276
94 239
211 218
417 339
50 287
319 50
391 196
272 83
111 110
396 417
40 252
345 372
306 422
407 310
286 248
480 83
135 130
476 397
331 336
30 486
237 465
498 379
305 365
170 271
151 240
364 143
50 393
102 254
58 107
449 356
187 353
149 352
309 291
141 102
53 52
207 277
419 273
280 156
15 194
274 247
298 430
137 399
256 8
236 55
145 354
399 10
467 28
43 367
99 458
179 37
59 322
282 428
29 183
410 318
491 405
481 311
61 161
332 87
192 165
441 25
109 266
417 371
438 480
138 391
367 36
162 270
314 168
363 358
301 339
381 428
401 424
282 499
152 387
33 67
415 133
228 88
138 234
429 307
149 151
157 145
172 312
392 381
177 481
127 233
182 324
47 71
21 319
295 183
137 222
248 126
362 109
21 243
76 61
484 172
2 234
304 419
7 19
29 318
478 443
177 380
90 346
426 97
341 335
56 237
10 117
147 86
219 415
39 248
76 456
43 331
218 2
357 82
101 179
387 282
409 240
18 40
281 37
382 131
157 274
429 77
136 113
151 299
168 39
424 308
333 434
385 220
483 134
43 264
487 490
329 191
137 444
11 37
51 275
426 23
111 132
439 101
138 33
453 103
155 72
81 372
150 55
264 363
53 342
486 10
252 52
436 91
354 418
184 260
116 25
479 360
175 396
92 253
222 318
137 42
268 400
354 137
45 335
264 389
99 356
336 270
296 343
355 459
493 425
18 435
279 334
99 407
335 41
388 108
432 131
104 279
365 416
178 478
454 233
216 281
209 180
369 461
360 371
157 39
496 270
12 19
348 6
334 462
47 138
313 158
178 177
393 225
314 110
419 353
450 31
224 83
453 186
75 419
203 134
411 164
271 268
173 42
67 354
455 145
316 31
136 5
437 264
313 198
4 373
406 409
223 217
242 430
28 474
269 82
326 69
482 328
295 133
34 471
142 487
310 111
108 147
130 63
195 376
147 112
377 95
492 432
378 189
23 195
410 119
302 202
449 111
289 13
492 65
217 269
35 443
323 233
364 329
92 327
136 324
402 322
476 263
91 164
415 395
297 62
435 440
50 102
303 43
4 85
452 464
442 122
245 164
392 271
308 299
403 9
167 68
215 360
241 6
123 414
66 472
284 200
269 281
311 412
29 424
80 68
269 233
236 26
457 449
495 67
490 499
20 131
90 259
138 397
384 11
103 298
116 41
74 94
383 346
69 371
69 57
428 204
62 44
391 396
461 184
52 150
40 231
74 430
330 259
15 340
343 267
186 21
251 174
105 220
306 131
39 256
38 165
55 66
138 473
471 88
133 445
242 168
335 72
47 411
74 334
109 418
432 3
349 37
57 276
73 54
103 319
492 136
99 139
159 217
442 51
175 176
94 127
478 411
29 455
34 154
127 200
289 320
140 312
10 433
269 12
398 22
261 283
328 201
74 182
131 117
248 63
203 449
95 469
445 151
418 249
387 468
324 287
473 235
420 291
170 340
423 167
176 401
100 74
279 325
393 5
182 237
478 366
42 441
368 96
132 86
411 443
425 375
376 98
192 81
166 465
61 422
472 387
397 133
404 30
44 114
202 157
276 61
277 162
124 283
30 327
357 245
20 135
26 410
58 302
476 51
246 92
318 83
162 141
185 381
16 199
412 36
267 41
166 331
33 130
416 393
485 106
209 201
213 134
179 407
164 13
438 337
8 315
73 305
367 228
280 203
133 166
174 24
488 339
36 113
1 234
145 465
385 267
83 313
295 468
15 102
27 479
315 204
401 384
148 286
84 259
157 283
239 142
365 259
193 498
301 432
245 342
117 143
403 84
123 472
257 197
115 37
411 469
392 334
220 229
277 156
70 458
128 455
490 257
417 323
167 372
285 247
54 477
208 388
106 353
25 352
217 201
142 165
335 449
8 363
34 453
117 133
294 428
27 118
75 186
193 348
478 166
11 139
405 458
314 352
328 364
381 244
47 172
47 358
121 419
177 477
311 97
493 294
299 345
49 311
446 112
385 170
343 318
377 129
197 244
427 181
243 438
54 390
204 348
138 334
318 6
184 104
227 200
415 478
63 33
251 223
82 83
406 270
127 18
192 493
270 224
447 207
249 197
240 167
256 241
393 105
257 277
177 206
101 98
346 313
478 170
188 201
377 182
171 32
376 35
412 173
115 297
47 440
114 194
470 163
473 96
229 142
432 497
71 78
216 92
336 406
138 297
220 207
458 186
118 26
190 259
500 4
5 42
188 182
384 336
426 30
400 239
139 241
199 110
210 361
377 238
179 35
111 91
11 407
383 143
48 357
447 455
428 193
128 180
303 486
76 499
124 499
95 265
41 110
289 457
36 479
339 388
25 167
456 43
372 160
472 169
386 109
128 154
349 317
57 183
221 428
238 489
467 323
398 373
403 94
325 410
348 454
247 327
432 278
291 380
355 181
306 366
470 131
278 109
177 137
465 188
367 463
354 207
70 61
330 223
5 188
66 88
252 44
413 224
474 77
455 201
270 488
197 56
296 241
491 255
318 258
14 383
64 476
211 86
13 4
436 377
77 43
317 32
465 277
150 21
95 170
231 177
271 27
495 460
388 104
39 150
223 290
424 110
121 179
376 239
292 221
417 52
485 390
404 51
360 103
292 382
302 187
40 460
340 72
47 309
230 470
17 466
410 268
456 39
481 466
492 221
15 451
258 319
373 453
189 487
394 451
465 448
27 418
26 177
365 225
312 456
13 214
108 217
460 282
86 287
375 436
113 219
80 148
24 256
24 468
139 369
280 276
14 417
255 27
454 233
109 122
230 39
455 496
100 446
136 278
345 88
470 88
338 455
260 81
47 417
250 60
197 49
35 57
136 94
291 187
73 302
341 312
240 108
457 383
106 285
262 353
316 331
6 344
94 467
252 186
398 480
200 254
175 381
377 168
279 145
242 383
417 141
108 330
228 217
273 73
152 289
433 93
427 242
188 88
421 259
417 74
205 460
425 388
7 68
75 254
244 497
213 371
435 94
451 351
281 85
278 112
295 420
142 348
38 467
95 413
153 160
10 175
170 179
249 370
469 174
411 336
439 366
238 48
195 59
181 193
113 427
207 222
121 156
128 426
191 448
175 179
378 344
466 402
390 144
320 413
14 478
381 95
118 90
248 383
402 110
180 334
303 34
194 3
426 59
181 20
142 314
148 256
192 13
195 58
453 394
199 202
267 165
489 306
487 6
324 300
277 194
71 42
121 472
356 309
43 30
43 93
259 248
295 245
347 131
65 176
495 299
90 73
17 428
345 365
84 48
389 477
82 327
239 294
90 487
3 71
325 472
343 267
217 201
416 55
174 254
4 211
387 376
116 403
473 134
236 482
339 157
198 336
163 452
252 107
174 480
72 119
269 454
240 204
276 158
361 175
349 254
455 194
306 468
365 443
148 251
62 360
124 486
377 328
195 226
41 162
296 246
317 219
167 50
415 39
214 263
288 9
244 434
10 59
461 349
114 449
134 27
48 359
115 464
10 403
225 429
284 359
245 208
154 199
107 48
399 279
407 145
141 56
403 42
500 4
247 364
86 101
136 377
161 463
73 376
271 201
339 485
88 237
5 41
355 416
466 139
360 478
381 275
62 31
341 275
499 176
372 365
232 33
119 334
328 206
308 218
329 49
285 97
293 379
260 98
263 422
325 19
60 12
42 69
39 376
19 451
31 307
26 323
260 179
133 437
245 373
87 94
241 215
261 498
471 328
34 118
82 483
254 483
88 49
116 399
448 6
71 356
216 404
209 327
226 17
155 54
346 300
355 99
35 48
485 121
390 445
353 450
130 206
227 235
68 449
184 220
170 340
411 148
173 250
287 3
348 333
240 437
459 61
284 281
192 417
83 165
312 404
229 90
299 392
74 40
275 165
304 81
491 23
123 65
168 159
344 337
316 479
380 448
315 438
155 418
484 302
266 200
450 125
81 302
175 425
302 376
158 139
78 398
466 124
188 442
230 87
171 147
415 48
66 251
23 57
197 186
358 188
461 359
344 369
144 425
55 83
14 384
221 284
23 92
199 143
128 345
439 206
370 159
396 199
254 387
380 104
282 379
13 288
110 406
92 249
389 24
22 382
223 375
319 136
65 302
396 14
244 51
176 16
189 482
153 180
328 308
327 226
290 487
272 96
276 16
106 75
309 318
451 421
27 331
365 413
147 226
487 172
425 414
306 329
67 315
327 302
251 336
398 427
312 441
294 57
203 122
371 227
63 359
143 65
293 371
477 297
172 232
203 340
363 204
91 16
122 308
294 40
421 404
303 367
339 8
369 364
112 126
36 5
2 138
413 456
25 240
277 408
419 240
426 300
313 369
136 78
205 402
375 379
23 158
364 151
167 387
5 407
140 363
352 17
41 200
355 296
403 111
44 229
479 22
380 458
500 7
234 468
166 222
485 107
477 354
55 196
257 407
345 411
378 462
212 234
316 376
251 473
209 436
212 234
88 208
447 325
490 257
116 54
135 216
362 5
453 44
334 421
455 370
402 123
482 176
208 212
314 109
88 248
327 20
266 330
466 234
222 271
385 417
120 200
120 272
33 91
313 122
455 79
220 447
52 368
93 292
446 329
131 187
212 430
337 345
94 455
271 398
360 234
201 422
406 377
494 213
51 84
369 426
348 18
393 36
178 184
121 430
93 309
29 42
85 36
231 303
390 163
103 450
305 364
176 427
201 407
279 220
140 49
352 212
73 140
81 80
471 244
182 383
15 9
477 397
224 350
457 194
350 384
350 77
23 230
118 167
171 137
129 277
458 294
395 94
211 365
34 23
170 24
392 378
408 354
229 292
94 190
83 223
403 442
183 273
9 304
284 324
280 302
251 165
213 237
140 35
353 126
17 78
411 313
215 159
241 274
384 294
82 4
156 300
458 377
35 28
488 409
324 307
455 147
149 77
414 486
57 98
123 238
307 449
143 231
101 200
475 291
46 386
378 380
285 326
118 168
495 367
435 171
166 370
143 311
114 78
231 245
456 253
405 100
146 84
168 336
319 363
335 477
285 489
119 91
58 326
454 19
193 277
362 96
284 224
199 119
444 75
107 209
126 432
308 471
445 32
93 102
34 45
119 121
176 8
420 299
98 258
132 408
8 186
357 97
199 430
449 166
114 301
121 264
304 379
329 162
349 156
222 84
273 256
364 212
260 160
104 153
330 203
80 139
382 278
157 346
57 96
476 72
438 92
259 456
10 413
294 442
210 359
58 464
241 2
110 425
238 488
92 16
361 441
65 351
133 109
271 88
385 379
179 495
128 340
55 292
189 483
24 133
324 425
466 182
358 318
377 163
185 482
129 466
317 122
487 228
394 183
5 71
464 335
248 430
353 194
349 13
40 436
367 126
274 203
373 404
358 132
275 258
268 119
9 389
351 444
441 178
311 56
49 193
438 104
265 405
467 215
253 263
108 430
70 135
264 57
152 55
132 407
93 417
182 278
301 473
56 493
437 263
270 472
68 461
461 411
188 478
68 104
365 402
467 413
291 306
182 342
107 218
286 351
441 324
336 109
282 132
239 321
316 269
82 116
139 452
211 487
361 59
134 70
489 395
410 499
422 405
260 478
4 93
434 279
406 195
141 364
493 294
188 364
123 92
422 254
80 415
235 140
383 431
290 482
460 233
41 426
342 271
490 183
166 38
129 377
288 411
181 226
8 218
398 229
133 209
353 476
246 340
415 466
360 294
245 29
427 212
444 459
237 340
1 147
360 139
267 484
346 355
8 171
204 143
436 180
60 35
37 219
484 103
77 486
11 456
459 220
34 212
335 444
481 377
354 147
149 288
29 458
25 28
352 462
398 86
421 266
439 456
90 426
364 288
93 459
493 134
411 467
227 4
437 277
18 389
62 227
408 121
75 21
146 110
200 260
101 152
218 332
422 126
423 333
210 196
263 280
125 158
158 265
64 483
461 375
52 197
100 435
252 181
63 490
348 458
25 339
57 102
108 437
342 39
467 496
447 302
393 298
98 143
193 6
337 81
398 37
214 34
406 274
460 46
324 200
370 331
211 134
196 92
481 118
146 167
207 477
37 265
305 294
410 31
146 262
361 136
440 16
461 467
317 307
494 223
73 302
209 279
188 458
194 254
462 301
428 400
309 172
450 467
97 122
440 156
349 70
370 479
90 479
21 325
336 387
232 182
131 110
488 274
277 373
216 486
276 430
488 138
18 487
290 369
265 447
245 205
90 362
245 32
474 452
264 321
133 313
363 341
137 54
232 183
292 432
202 23
468 490
195 301
190 97
390 254
281 370
374 49
311 443
189 50
383 350
78 212
187 281
180 339
108 175
398 417
67 480
400 457
219 285
231 471
379 238
224 496
323 313
105 3
420 15
421 74
197 380
126 458
319 441
279 113
311 486
136 202
78 309
382 391
201 110
338 168
498 115
312 307
212 78
430 369
163 464
282 134
90 239
330 159
188 63
435 404
385 192
21 359
128 296
358 5
391 91
493 489
266 325
137 183
346 72
317 462
358 238
382 314
107 145
280 282
313 372
273 123
447 348
236 176
496 380
383 278
120 336
103 198
342 248
77 473
269 150
302 353
90 276
281 136
301 30
2 318
290 423
177 147
453 414
122 155
328 139
230 44
332 339
310 464
233 321
119 165
325 149
112 152
116 130
488 483
337 141
271 452
467 284
272 134
328 288
60 280
350 446
344 87
248 483
89 88
457 94
163 128
290 74
304 174
220 158
454 61
214 469
171 410
340 294
233 113
182 202
226 156
59 479
314 321
266 231
432 204
359 106
348 63
226 380
443 471
317 466
177 47
31 139
337 59
218 217
326 161
412 489
363 57
219 85
188 440
160 146
158 64
376 243
22 446
60 196
324 198
163 51
408 156
194 309
472 154
394 248
379 326
136 71
194 2
328 420
45 132
375 391
175 155
40 20
428 433
303 103
223 402
297 93
87 350
400 434
152 244
104 127
165 196
280 263
144 96
241 7
214 447
108 215
265 251
475 231
59 2
423 39
308 31
177 163
221 487
3 372
229 271
419 420
322 49
284 149
94 464
285 332
122 230
51 217
354 429
8 89
487 276
382 268
319 407
246 409
377 338
326 17
402 166
221 73
319 97
196 213
405 302
9 318
165 341
84 241
16 394
46 387
423 325
180 349
198 400
227 243
272 130
206 163
183 330
431 3
113 185
335 343
399 160
143 243
489 121
329 244
421 362
114 433
410 486
364 119
31 474
178 326
389 178
126 48
51 94
463 385
113 175
160 262
147 67
376 338
74 392
269 493
468 312
382 463
291 304
289 199
415 199
135 360
366 118
416 158
486 121
186 134
364 163
482 174
45 51
465 15
41 328
387 439
37 151
253 402
31 300
351 13
391 340
235 454
11 59
42 136
65 285
237 472
484 437
256 451
49 287
229 351
328 258
266 258
75 308
151 142
437 467
302 385
199 150
10 26
12 267
50 63
371 102
222 175
422 196
132 416
466 127
460 114
195 111
310 207
98 258
221 484
265 135
307 187
152 381
423 236
107 360
464 496
481 20
74 286
56 112
424 8
294 16
309 233
166 262
151 252
451 426
195 114
439 17
102 66
331 269
373 262
346 375
59 201
60 166
228 289
190 431
113 452
365 445
308 334
268 347
393 71
69 9
12 295
247 323
79 173
172 431
494 278
454 156
444 342
378 306
455 151
134 209
196 215
446 265
75 431
275 110
128 298
45 191
265 270
14 282
431 468
365 40
97 285
245 281
352 497
134 272
102 311
60 63
372 107
232 109
399 371
317 294
273 62
238 105
485 21
206 144
117 388
39 213
178 441
170 105
218 31
62 194
178 148
201 469
206 328
246 418
463 226
12 317
293 87
279 285
358 482
488 395
12 120
205 193
30 85
193 400
37 364
237 20
32 405
184 439
323 475
489 40
153 146
456 349
474 300
253 39
253 420
222 30
436 477
184 373
382 499
302 458
290 215
435 343
300 136
167 417
83 351
287 124
262 51
359 228
181 62
25 279
459 144
10 286
423 163
13 118
436 370
110 167
366 454
37 167
97 303
71 170
23 189
192 174
445 72
336 459
225 414
29 93
376 50
204 295
400 178
483 469
366 450
129 76
331 496
219 353
120 365
212 69
354 380
269 173
208 70
355 189
93 142
379 105
395 217
104 284
303 250
340 289
263 452
123 337
121 380
11 158
1 204
125 416
9 437
200 190
313 43
140 479
336 181
392 14
174 235
226 109
381 273
82 185
475 340
84 232
34 264
183 35
442 245
215 103
400 320
114 160
305 322
123 166
130 137
432 108
15 429
310 354
175 138
287 175
417 195
8 395
458 197
77 492
141 192
376 86
90 306
403 373
176 468
88 123
476 431
176 126
80 84
257 325
280 92
488 213
452 85
347 294
295 396
397 74
483 370
263 421
116 50
290 233
68 341
274 286
213 79
278 422
446 442
298 2
342 174
128 348
73 270
105 188
17 250
373 265
296 448
427 320
425 493
198 35
397 115
147 28
140 54
361 144
132 150
243 198
365 191
403 205
473 305
333 187
320 199
170 268
158 38
131 342
160 369
194 35
226 476
458 309
419 76
280 424
10 13
432 480
309 35
330 185
197 341
246 295
186 277
99 340
206 251
162 94
317 60
93 429
307 485
180 191
38 189
497 262
159 133
227 175
92 161
485 409
161 72
400 303
376 309
388 67
252 301
113 22
172 9
61 218
383 256
145 202
152 106
48 90
232 326
391 205
333 229
277 128
118 209
290 73
352 487
349 358
128 307
366 374
267 32
164 277
30 210
498 261
242 175
451 129
361 291
46 322
301 292
471 445
89 377
260 460
258 110
452 493
249 435
197 430
218 455
416 373
482 237
373 84
276 175
20 323
167 191
252 428
207 466
487 340
484 389
195 443
283 350
234 10
129 301
124 76
87 88
415 206
424 326
429 364
110 466
442 20
4 237
427 340
247 270
30 311
90 104
369 346
181 173
372 139
153 481
120 490
273 35
78 22
140 50
145 189
83 399
424 343
148 77
239 479
244 93
258 365
218 417
173 471
389 256
398 434
152 328
225 228
98 340
447 115
316 304
210 7
245 272
469 275
387 226
475 78
484 127
485 133
188 217
86 131
424 49
261 471
176 366
147 445
143 203
499 196
85 326
302 96
489 385
195 179
414 441
298 52
377 147
232 280
232 389
351 373
48 386
481 9
104 387
492 6
235 175
490 414
55 288
145 297
403 83
469 332
102 333
152 265
183 218
328 46
128 108
412 160
270 142
241 498
368 384
329 70
71 439
270 323
469 118
274 374
413 123
105 20
192 84
363 378
442 169
95 288
286 371
109 56
305 42
239 161
480 27
450 133
255 477
88 57
215 325
460 177
37 158
58 254
450 154
260 163
441 50
438 64
421 277
128 444
325 424
42 415
315 465
281 320
269 3
402 383
204 116
443 269
286 380
30 64
483 315
49 182
332 481
11 35
429 301
211 302
285 278
182 304
324 370
66 101
367 350
188 335
393 347
350 42
182 403
163 397
13 87
157 437
459 188
243 47
201 308
291 489
298 433
306 221
122 110
144 425
72 239
443 72
57 135
285 222
78 77
163 332
496 322
237 101
245 250
231 292
354 423
143 455
74 381
462 76
399 41
421 68
288 479
494 314
348 97
388 423
73 200
62 207
321 333
218 356
66 453
156 1
122 250
374 229
191 16
408 372
103 474
229 471
140 395
459 226
387 71
328 462
383 305
115 206
151 76
135 189
135 470
264 61
466 351
312 188
101 94
219 217
231 359
216 391
222 311
134 114
493 345
256 492
176 376
471 227
6 449
257 112
382 96
340 58
62 463
456 38
348 201
211 249
432 11
213 402
443 46
349 235
429 177
349 54
59 342
346 12
257 421
481 312
414 445
196 91
481 446
492 447
483 207
288 256
196 248
433 393
414 117
180 96
88 284
396 193
152 74
63 187
275 425
358 90
97 102
231 349
442 177
347 204
119 270
249 81
454 450
496 211
450 89
74 178
152 171
149 175
354 369
137 173
429 90
266 99
25 405
480 74
496 495
20 316
321 221
439 55
125 307
113 387
249 67
218 134
351 153
188 8
12 193
487 286
496 261
103 252
350 29
387 11
185 94
405 301
30 122
420 161
318 239
131 402
412 214
473 386
80 193
229 446
168 296
9 331
451 315
78 343
10 371
157 299
232 409
489 232
44 32
421 415
371 98
260 275
29 498
353 208
91 493
227 355
229 321
126 16
449 27
450 371
400 364
54 248
322 137
223 402
140 485
487 484
319 184
335 40
453 344
219 106
275 72
489 390
272 322
469 191
387 478
481 309
82 105
477 243
397 258
318 91
43 69
209 186
243 301
472 348
329 245
445 413
36 211
381 369
376 53
345 444
416 253
131 168
275 263
5 463
306 236
466 192
211 275
16 299
172 242
477 165
221 134
132 171
52 320
201 77
474 338
198 104
123 10
266 112
139 84
187 468
88 477
392 311
98 110
456 332
294 124
262 344
8 35
360 353
205 273
57 492
491 285
223 321
241 445
345 173
392 252
419 379
294 490
210 332
418 320
357 401
321 57
312 204
80 7
57 166
84 443
417 327
334 224
240 10
131 381
214 282
456 78
492 41
126 93
164 319
68 409
279 218
110 444
486 485
488 54
493 245
266 134
59 113
240 225
26 493
270 6
285 50
291 47
97 55
319 447
381 97
119 471
341 42
63 330
157 48
235 448
400 108
453 341
295 450
215 112
432 296
261 131
238 289
118 107
372 484
198 263
184 138
78 88
238 90
244 287
270 171
79 483
235 416
121 179
371 220
294 473
308 494
176 249
363 402
347 18
107 435
132 343
396 487
39 78
277 224
485 456
25 377
42 206
364 191
396 140
24 231
368 342
349 285
171 50
189 483
133 230
448 281
273 380
404 347
109 17
16 394
27 374
317 174
93 70
156 370
26 478
256 372
178 429
216 368
276 270
46 77
445 35
184 248
239 450
34 178
310 365
139 97
93 310
372 420
430 458
438 104
264 409
431 194
469 227
73 459
158 476
246 339
454 310
327 8
224 168
214 304
210 372
283 369
65 228
439 306
461 36
219 35
154 162
212 434
193 468
337 259
351 374
473 50
191 318
105 368
123 91
360 111
229 219
291 219
50 388
394 405
165 114
309 96
377 92
363 489
309 443
459 86
309 473
218 362
409 422
478 296
480 463
341 170
257 38
332 421
112 225
348 435
382 472
429 227
344 281
463 224
402 114
419 47
195 106
428 158
258 96
282 159
139 338
41 197
137 277
19 475
157 60
154 306
74 53
108 7
120 95
158 422
184 140
81 12
486 213
26 109
155 422
211 189
458 324
88 50
187 1
19 115
414 218
430 400
98 171
469 176
460 266
256 158
36 437
213 215
129 329
36 34
472 77
345 268
453 104
65 18
409 286
139 234
289 177
202 455
58 212
245 308
127 54
168 187
406 437
42 63
382 40
467 178
43 240
18 178
413 184
389 451
110 281
364 38
240 104
12 33
254 67
99 355
136 110
45 320
43 154
129 314
9 28
20 149
276 464
265 297
7 290
242 460
499 116
389 114
231 246
344 433
497 68
209 120
389 25
308 276
401 258
22 355
218 192
466 362
73 124
157 280
116 199
273 341
464 425
42 7
47 266
232 64
98 412
236 94
325 346
491 414
409 173
65 365
151 67
340 394
304 235
10 272
103 316
405 12
178 86
380 75
499 402
96 109
169 380
463 138
23 15
182 138
213 321
325 36
347 50
395 392
152 257
275 348
323 7
109 186
264 363
492 165
421 284
419 421
34 256
266 269
27 320
218 183
98 349
374 64
208 288
21 314
428 54
50 393
320 141
493 15
232 140
120 364
253 28
118 435
432 343
340 57
145 230
363 38
30 412
169 243
154 306
436 68
310 322
66 354
491 34
74 422
187 250
317 176
277 440
242 49
136 294
314 457
343 379
48 384
483 44
389 47
205 75
147 181
462 336
441 333
95 117
448 478
241 491
90 28
39 339
214 65
361 290
348 36
339 440
440 100
258 203
471 45
214 151
379 273
209 498
222 369
87 255
459 275
21 428
394 37
452 218
378 297
297 16
322 373
238 105
443 385
431 180
2 101
182 256
385 48
65 287
288 295
223 248
476 219
248 267
114 167
131 130
108 348
155 423
259 276
211 372
332 158
410 447
136 313
495 393
33 458
38 293
252 471
404 187
301 462
272 197
147 209
164 328
447 134
362 326
222 412
416 487
87 184
201 213
115 125
203 95
143 71
84 27
240 394
126 285
368 390
288 118
186 299
331 455
364 143
330 73
114 360
55 324
87 38
352 204
333 177
326 337
287 230
494 79
42 201
36 436
361 230
292 461
257 475
232 94
171 188
60 428
181 313
73 160
246 374
39 361
434 450
109 19
491 366
298 49
291 43
10 126
428 110
460 217
338 314
268 100
450 18
355 453
261 87
13 403
108 323
339 48
23 232
26 381
431 416
262 291
36 260
237 309
398 360
469 368
211 168
435 6
71 460
389 406
41 14
5 440
486 148
231 120
248 81
322 184
335 431
214 167
294 3
480 389
493 341
225 238
178 244
212 41
231 169
288 365
289 146
93 26
216 341
211 301
231 288
73 225
286 278
3 396
437 242
81 137
304 351
170 307
47 66
365 279
32 273
341 293
196 90
191 143
268 431
243 323
281 299
309 109
229 355
275 287
436 131
316 251
315 39
413 319
135 152
290 404
301 61
93 122
124 84
79 251
163 410
411 96
287 126
367 470
210 360
335 390
60 249
365 226
437 435
48 270
116 385
51 445
437 2
124 496
9 46
430 9
153 423
392 20
467 291
287 140
49 238
168 229
248 413
92 179
491 125
55 92
187 444
252 311
436 434
309 400
315 332
439 44
99 310
36 22
293 55
436 57
261 224
444 40
180 417
209 157
135 360
403 361
226 375
424 114
327 474
125 281
117 232
467 352
265 154
261 340
337 105
386 431
127 279
436 324
51 97
140 242
137 68
231 488
45 132
126 433
413 52
477 213
236 346
496 413
265 465
89 50
376 304
221 282
67 131
235 401
296 250
60 75
472 115
271 141
407 375
244 227
396 57
150 386
359 372
154 391
94 126
204 150
53 376
31 411
331 254
41 457
11 151
66 25
42 467
192 443
391 358
352 121
171 163
453 201
299 80
465 341
65 19
230 145
186 421
160 380
58 37
100 417
378 308
140 259
270 228
42 263
244 91
465 311
459 14
194 341
261 307
373 232
414 461
217 183
262 253
85 329
325 230
273 353
446 232
345 136
353 363
458 138
394 395
391 476
375 394
24 456
443 114
434 176
213 1
405 266
355 368
191 473
340 282
124 474
255 448
398 245
491 245
122 456
139 142
