  0  79  -1  89   4  -1  -1  -1  -1  -1  -1  -1  -1  -1  -1  49  83   7  -1  43 
 -1  -1  -1  48  -1  -1  -1  90  -1  -1  31  -1  -1  51  -1  65  25  -1  95   8 
 78  -1  -1  -1  -1  -1  -1  73  65  -1  17  23  -1  23  -1  -1  -1  -1  -1  -1 
 -1  -1  -1  -1  -1  -1  -1  -1  -1  -1  -1  -1   4  -1  -1  -1  -1   4  -1  88 
 -1  -1  -1  99  -1  33  86  -1  38   4  -1  67  -1  -1  -1  -1  -1 
 79   0  71  64  -1  12  -1  60   1  -1  -1  55  57  -1  80  63  -1  89  55  -1 
 -1  57  50  75  -1  -1  47  -1  -1  38  83  -1  88  -1  -1  -1  -1  -1  13  -1 
 89  -1  -1  82  60  69  23  28  -1  57  -1  22  -1  -1  -1  -1  36  -1  -1  42 
 -1  83  88  46  -1  -1  27  14  41  -1  -1  49  70  -1   3  -1  16  -1  22  12 
 34  -1  -1  85  -1  50  17  95  -1  59  39  80  -1  69  -1  -1  56 
 -1  71   0 177  32  -1  -1  16  93  43  -1   5  -1  -1  -1  -1  45  36  -1  51 
 -1  -1  52  -1  31  87  -1  86  78  26  21  61  -1  -1  89  -1  -1  30  41  60 
 82   6  60   6  -1  58  75  40  -1  -1  53  -1  -1  85  -1  17  -1  61  86  -1 
 58  77  -1  25  31  81  -1  33  93  -1  44  -1  -1  47  23  -1  73  38  57  58 
 68  23  -1  -1  -1  -1  39  -1  -1  92  -1  -1  -1   6  15  30  -1 
 89  64 177   0  77  33  54  81  -1  -1  92  -1  -1  78  -1  -1  -1  -1  -1  46 
 75  -1  68  92  -1  -1  -1  66  37  50  -1  -1  47  -1  -1  -1  -1  70  55  -1 
 51  -1  -1  -1  42  -1  -1  -1  -1  92  -1  72  -1  -1  -1  28  71  95   5  -1 
 -1  -1  77  98  37  13  -1  96  -1  96  -1  25  -1  75  55  40  82  -1  -1  45 
 23  99  -1  16  -1  37  -1  -1  -1  -1  -1  -1  89  99  24  -1  -1 
  4  -1  32  77   0  32  78  -1  -1  61  -1  41  92  -1  81  -1  14  -1  10  50 
 -1  -1  78  -1  -1  12  -1  -1  45  -1  -1  -1  -1  -1  99   7  -1  93  52  -1 
 23  74  -1  -1   6  -1  -1  -1  -1  -1  -1  83  37  -1  37   8  -1  20  79  -1 
 46  -1  82  -1  96  -1  -1  58  36  83  -1  65  -1  -1  12  -1 100  57  11  39 
 -1  91   4  10  63  30  88  -1  -1  22  -1  -1  57 100  79   1  97 
 -1  12  -1  33  32   0  59  -1  53  31  66  -1  -1  -1  25  98  79  95  75  -1 
 22  89  -1  85  -1  27  25  50  -1  28  -1  -1  -1  -1  66  81  19  70  -1  70 
 -1  93  -1  -1  51  39  -1  93  63  -1  18  77  33  49  81  -1  -1  -1  -1  60 
 21  71  -1  -1  16  82  67  13  36  43  -1  -1  10  -1  53  -1  43  -1  -1  53 
 84  35  -1  -1  16  10  -1   9  55  -1  -1   2  -1  49  -1  -1  66 
 -1  -1  -1  54  78  59   0 132  -1  68  -1  12  -1  36  97  44  96  -1  -1  28 
 -1   6  54  -1  -1  -1  74  72  -1  65  -1  -1  38  -1  31  -1  -1  -1  -1  -1 
 -1  -1  14  64  -1  29  -1  78  31  92  68  78  -1  24  64  70  66  -1  -1  91 
 -1  -1  -1  48  82  -1  33  -1  52  -1  -1  -1  52  -1  91  -1  -1  -1  23  -1 
 -1  -1  -1   2  69  82  -1  46  76  -1  -1  44  -1  -1  -1  -1  -1 
 -1  60  16  81  -1  -1 132   0  62  78  74  52  75  -1  45  -1  44  -1  30  54 
 -1  94  80  -1  -1  -1  -1  84  -1  -1  20  -1  -1  -1  -1  -1  79  78  47  67 
 -1  86  63  -1  48  -1  -1  94  74  -1  -1  -1   7  30  -1  -1  12  56  55  -1 
 -1  36  -1  -1  -1   3  46  -1  -1  42  69  22  14  -1  25  -1   4  -1   5  27 
 50  40  71  -1  87  38   9  -1  18  -1  96  17  69  -1  50  -1  -1 
 -1   1  93  -1  -1  53  -1  62   0 129  -1  61  46  85  -1  58  44  -1  76  -1 
 -1  57  -1  71  96  -1  -1  99  41   3  -1  -1  -1  -1  90  -1   3  35  -1  -1 
 93  -1  -1  -1  24  89   9  65  -1  -1  -1  71  86  38  75   5  22  -1  55  32 
 74  81  -1  -1  -1  -1  80  -1  -1  -1  21  -1  37  44  -1  13  83  25  -1  -1 
 78  -1  -1  80  -1  52  -1  -1  -1  -1  94  16  -1  -1  40  65  -1 
 -1  -1  43  -1  61  31  68  78 129   0   2  -1  71  -1  -1  64  -1  91  -1  65 
 69  59  10  86  -1  78  58  -1  94  -1  -1  47  32  24  70  -1  -1  -1  -1  -1 
 -1  -1  -1  35  68  78  -1  -1  33  -1  49  -1   8  -1  -1  26  -1  92  -1  48 
  7  -1   3  -1  -1  22  -1   3  -1  -1  39  12  -1  89  89  35  -1  61  28  80 
 85  -1  -1  34  -1  -1  -1  66  -1  21  -1  98  -1  -1  -1  97  47 
 -1  -1  -1  92  -1  66  -1  74  -1   2   0 100  60  14   1  53  70  80   6  -1 
 -1  39  59  36   6  83  -1  -1  -1  75  -1  84  -1  -1  -1  -1  -1  -1  -1  10 
 48  31  -1  99  30  99  -1  -1  -1  -1   2  -1  -1  38  -1  87  93  -1  -1  -1 
 66  71  -1  -1  -1  -1  -1  -1  -1  99  -1  -1  93  -1  -1  25  -1 100  -1  97 
 16  -1  74  -1  34  93  -1   3  -1  -1  78  62  -1  18  -1  34  43 
 -1  55   5  -1  41  -1  12  52  61  -1 100   0 134  -1  -1  35  39  -1  -1  60 
 69   4  79  43  -1  -1  86  -1  20  -1  58  -1  39  31  -1  -1  24  63  -1  -1 
 -1  -1  -1  -1  44  46  46  -1  66  25  56  62  34  -1  -1  -1  -1  -1  -1  15 
 76  -1  -1  74   7  -1  -1  -1  23  -1  53  90  -1  -1  -1  -1  16  27  -1  26 
 52  -1  -1  72  -1  -1  -1  -1  -1  73  61   4  -1  -1  -1  -1  -1 
 -1  57  -1  -1  92  -1  -1  75  46  71  60 134   0 176   4   1  43  -1  16  -1 
 -1  -1  -1  68  10  58   8  -1  56  53  -1  -1  50  66  28  -1  16 100  96  -1 
 -1  13  34  48  -1  -1  14  -1  17  69   7  -1  -1  -1  83  98  -1  75  52  67 
 16  -1   1  41  -1  -1  -1  -1  -1  -1  89  61  -1  -1  82  -1  62  85  38  -1 
 56  -1  -1  58  -1  -1  32  -1  -1  18  82   2  55  -1  11  94  61 
 -1  -1  -1  78  -1  -1  36  -1  85  -1  14  -1 176   0 163   9  -1  -1  -1  -1 
 -1  -1  62  91  -1  22  -1  37   4  83  85  40  66  90  -1  -1  -1  45  -1  -1 
 -1  -1  -1   2  -1  -1  11  49  62  -1  79  10  34  -1  -1  16  -1  90  71  38 
 -1  91  63  57  37  78  53   5  -1  -1  -1  23  -1  -1  -1   3  -1  75  -1  -1 
 -1   7  -1  94  -1  44  62  77   7  -1  -1  27  -1  -1  -1  31  -1 
 -1  80  -1  -1  81  25  97  45  -1  -1   1  -1   4 163   0  48  11  -1  51  -1 
 25  21  -1   9  81  -1   4  -1  -1  -1  99  -1  31  82   9  56  16  87  23  -1 
 -1  25  -1  -1  -1  71   2  -1  32  -1  76  32  33  -1  73  -1  99  -1  73  68 
 27  -1  -1  70  -1  -1  17  27  54  -1  27  13  89   5  -1  39  -1  -1  25  29 
 -1  -1  13  55  20  -1  67  92  94  -1  -1  66  -1  -1  -1  39  -1 
 49  63  -1  -1  -1  98  44  -1  58  64  53  35   1   9  48   0 156  -1  -1  -1 
 -1  -1  95  -1  -1  -1  -1   6  -1  -1  -1  26  -1  -1  -1  -1  -1  -1  -1  -1 
 -1  47  50  91  63  27  -1   4  -1  -1  32  17  97  25  -1  -1  -1  -1  67  49 
 97  -1  -1  -1  21  43  76  -1  -1  -1  -1  -1  25   2  31  89  51  -1  -1  -1 
 93  68  -1  -1   1  -1   5  -1  -1  -1  75  50  -1  -1  -1  48  -1 
 83  -1  45  -1  14  79  96  44  44  -1  70  39  43  -1  11 156   0 135  76  15 
 11  24  19  13  66  29  27  41  14  35  52  -1  43  -1  -1  84  31  -1  -1  32 
 72  -1  46  20   9  -1  -1  -1  63  70  45  -1  -1  17  -1  17  88  -1  53  -1 
 -1  12  21  14  -1  -1  -1  -1   3  24  -1  -1  -1  -1  92  -1  -1   3  35  -1 
 -1  -1  35  -1   9  67  -1  70  -1  73  17  53  11  41  20  40  41 
  7  89  36  -1  -1  95  -1  -1  -1  91  80  -1  -1  -1  -1  -1 135   0  64  -1 
 -1  45  53  -1  62  -1  75  32  13  26  -1  -1  -1  -1   2  -1  82  -1  -1  15 
 30  80  -1  -1   3  -1  66  68  41  68  13  49  77  67  -1  88  34  -1  77  36 
 62  -1  17  11  -1  95  79  -1  32  -1  -1  -1  22   3  -1  97  52  88  26  -1 
 -1  -1  -1  -1  -1  -1  -1  28  95  -1  52  -1  44  67  -1  82  -1 
 -1  55  -1  -1  10  75  -1  30  76  -1   6  -1  16  -1  51  -1  76  64   0  51 
  8  -1  -1  63  -1  -1  44  -1  51  32  -1  96  -1  -1  -1   1   6  -1  -1  -1 
 48  80  23  21  -1  31  38  96  -1  -1  -1  29  27  55  -1  24  33  28  -1  -1 
 -1  72  -1  30   4  -1  -1  -1  -1  44  24  -1  19  -1  -1  42 100  57  -1  87 
  6  56  93  76  -1   4  -1  90  -1  -1  -1  66  10  -1  -1  12  24 
 43  -1  51  46  50  -1  28  54  -1  65  -1  60  -1  -1  -1  -1  15  -1  51   0 
 75  -1  -1  54  -1  82  -1  41  62  59   1  -1  43  -1  67  34  -1  79  -1  -1 
  4  -1  -1  42  91  46  37  53  -1  50   4  -1  -1  94  -1  14  67  38  -1  -1 
 87  -1  10  58  55  89  46  -1  -1  -1  64  22  -1  -1  23  -1  -1  -1  53  -1 
 -1  -1  82  69  -1  -1  14  -1  62  -1   5  -1  45  74  72  -1  70 
 -1  -1  -1  75  -1  22  -1  -1  -1  69  -1  69  -1  -1  25  -1  11  -1   8  75 
  0 164  67 100  20  95  41  43  -1  -1  22   3  95  28  -1  -1  -1  -1  47  -1 
 -1  -1  45  -1  -1  -1  45   4  -1  -1  20  -1  13  25  -1  10   5  47  86  66 
 82  85  65  64  -1  -1  71   5  -1  34  -1  98  15  -1  -1  -1  -1  15  49  86 
 -1  -1  -1  34  -1  -1   7  93   9  69  -1  -1  -1  10  65  73  82 
 -1  57  -1  -1  -1  89   6  94  57  59  39   4  -1  -1  21  -1  24  45  -1  -1 
164   0 180  13  68  69  -1  14  27  56  55  77  -1  -1  -1  -1  32  -1  -1  92 
 -1  -1  -1  -1  55  13  -1  -1  -1  -1  -1  31  52  24  -1  76  39  63  -1  -1 
 -1  22  -1  -1  61  -1  -1  -1  41  39  -1  -1  13  -1  -1  14  11  74  23  75 
 -1  58  95  -1   6  -1  -1  -1  73  -1   5  52  -1  -1  74  91  -1 
 -1  50  52  68  78  -1  54  80  -1  10  59  79  -1  62  -1  95  19  53  -1  -1 
 67 180   0 193  80  83  -1  39  -1  -1  -1  76  88  -1   3  -1  -1  84  -1  79 
 -1  36  36  94  -1  14   3  -1  -1  -1  -1  -1  45  84  -1  -1  -1  13  -1   9 
 17  -1  -1  -1  -1  -1  -1  46   1  83  -1  47  82  18  55  23  -1  -1  -1  -1 
 60  74  -1  17  -1   7  -1  -1  -1  -1  24  -1  -1  -1  44  52  35 
 48  75  -1  92  -1  85  -1  -1  71  86  36  43  68  91   9  -1  13  -1  63  54 
100  13 193   0 197   5  91  -1  86  -1  72  -1  24  42  -1  20  -1  -1  -1  -1 
 -1   2  56  52  -1  -1   5  -1  36  -1  -1  -1  -1  48  82  -1  -1  -1  -1  -1 
 -1   9  -1  -1  -1  -1  19  -1  95  -1 100  -1  -1  -1 100  -1  11   3  -1  90 
 47  81  66  -1  -1  -1  -1  27  32  52  -1  39  -1  -1  71  -1  -1 
 -1  -1  31  -1  -1  -1  -1  -1  96  -1   6  -1  10  -1  81  -1  66  62  -1  -1 
 20  68  80 197   0 105  57  -1  16  -1  -1  -1  -1  14  -1  -1  -1  -1  -1  -1 
 -1  -1  -1  41  -1  65  75  67  -1  -1  28  37  -1   4  -1  44   9  -1  -1  -1 
 64  48  -1  -1  12  -1  -1  70  24  -1  -1  -1  -1  -1  -1  -1  -1  43  39  38 
 86  -1  -1  -1  67  -1   3  71  57  70  -1  58  -1  -1  12  -1  85 
 -1  -1  87  -1  12  27  -1  -1  -1  78  83  -1  58  22  -1  -1  29  -1  -1  82 
 95  69  83   5 105   0 170  61  -1  10  -1  -1  -1  88  47  65  97  49  56  15 
 86  56  -1  -1  51  86  77  12  -1  -1  -1  -1  -1  -1  -1  -1  94  92  58  -1 
 38  -1  89  61  -1  11  63  88  -1  -1  14  20  -1   5  17  69  11  88  -1  86 
 -1  -1  -1  -1  23  10  -1  -1  -1  -1  32  -1   1  -1  40  -1  -1 
 -1  47  -1  -1  -1  25  74  -1  -1  58  -1  86   8  -1   4  -1  27  75  44  -1 
 41  -1  -1  91  57 170   0  84  89  15  58  -1  33  -1  -1  -1  68  -1  92   1 
 63  -1  -1  85  -1  37  49  -1  14  -1  69  -1  -1  18  67  -1  70  64  23  79 
 -1  31  75  -1  -1  -1  -1  35  -1  29  94  53  -1  38  -1  90  -1  86  33  24 
 75  -1  36  52  40  13   4  -1  50  -1  53  -1  -1  75  51   1  41 
 90  -1  86  66  -1  50  72  84  99  -1  -1  -1  -1  37  -1   6  41  32  -1  41 
 43  14  39  -1  -1  61  84   0  84  86  -1  57  -1  60  -1   9  24  50  92  -1 
 91  91  -1  20  97  53  92  -1  23   8  -1  34  -1  14  -1  23  93  -1  30  65 
  9  -1  26  -1  41  -1  29  92  -1  -1  -1  61  -1  -1  -1  -1  57  65  -1  33 
 -1  -1  -1  -1  13  -1  52  91  -1  41  -1  -1  -1  92  -1  61  -1 
 -1  -1  78  37  45  -1  -1  -1  41  94  -1  20  56   4  -1  -1  14  13  51  62 
 -1  27  -1  86  16  -1  89  84   0 150   2  22  -1  68  12  76  17  74  -1  -1 
 80  44  26  39  -1  95  -1  -1  -1  57  93  46  -1  67  83  87  55  62  -1  -1 
 -1  -1  54  -1  -1  -1  -1  59  -1  84  77  72  37  -1  16  90  72  24  94   4 
 92  89  32  64  -1  -1  -1  86  79  15  -1  -1  -1  67  -1  -1  49 
 -1  38  26  50  -1  28  65  -1   3  -1  75  -1  53  83  -1  -1  35  26  32  59 
 -1  56  -1  -1  -1  10  15  86 150   0  13  60  37  -1  -1  34  95  -1  -1  -1 
 -1   6  -1  -1  57  -1  -1  -1  44  -1  -1  24  -1  21  -1  47  77   4  11  -1 
 -1  33  34  44  -1  -1  72  -1  -1  -1  68  33  -1  -1  56  -1  35  -1  -1  79 
 -1  -1  37  54  34  -1  99  -1  25  -1  87  13  38  36  61  -1  -1 
 31  83  21  -1  -1  -1  -1  20  -1  -1  -1  58  -1  85  99  -1  52  -1  -1   1 
 22  55  -1  72  -1  -1  58  -1   2  13   0 106  -1   7  -1  80  27  44  -1  -1 
 81  14  65  66  63  -1  28  84  32  -1  -1   8  -1  -1  66  -1  15  93  68  -1 
 52  28  -1  12  24  -1  11  98  49  -1  31  -1  -1  60  63  -1   8  -1  -1  30 
 27   8  96  44  76  72  -1  -1  -1  81  -1  55  -1  -1  61  -1  -1 
 -1  -1  61  -1  -1  -1  -1  -1  -1  47  84  -1  -1  40  -1  26  -1  -1  96  -1 
  3  77  76  -1  -1  -1  -1  57  22  60 106   0  43  -1  -1  31  -1  55  -1  16 
 -1  33  -1  52  -1  17  -1  -1  97  78  -1  38  -1  -1  34  -1  48  -1  -1  -1 
 -1   8  -1  -1  80  16  58  70  37  32  -1  -1  -1  -1  -1  52   9  95  54  -1 
 20  58  -1  98  20  -1  -1  -1  10  74  91   5  47  26  12  70  54 
 -1  88  -1  47  -1  -1  38  -1  -1  32  -1  39  50  66  31  -1  43  -1  -1  43 
 95  -1  88  24  -1  -1  33  -1  -1  37  -1  43   0  37  72  66  -1   4  88  -1 
 -1  53  -1  -1  -1  -1  -1  -1  19  -1  -1  21  -1  38  -1  -1   2  89  -1  -1 
  7  -1  54  12  -1  -1  86  -1  71  92  -1  12  41  39  54  71  46  30  42  81 
 -1  -1  65  12  -1  53  14  44  -1  -1  -1  -1  -1  -1  75  33  -1 
 51  -1  -1  -1  -1  -1  -1  -1  -1  24  -1  31  66  90  82  -1  -1  -1  -1  -1 
 28  -1  -1  42  14  88  -1  60  68  -1   7  -1  37   0  41  96   1  83  86  -1 
 74  -1  -1  -1  56  77  65  92  -1  -1  28  -1  13  -1  42  -1  30  -1  -1  -1 
 86  57  67  53  81  -1  -1  53  -1  -1  -1  57  -1  25  -1  74  73  87  -1  -1 
 35  43  22  -1  -1   7  -1  36  -1  24  -1  34  -1  -1  -1  -1  -1 
 -1  -1  89  -1  99  66  31  -1  90  70  -1  -1  28  -1   9  -1  -1   2  -1  67 
 -1  -1   3  -1  -1  47  -1  -1  12  -1  -1  -1  72  41   0 129  56  -1   5  92 
  7  -1  22  -1  -1   3  -1  29  25  15  25  63  -1  -1  31  -1  79  -1  -1  -1 
  4  -1  50  35  33  53  -1  30  -1  -1  -1  84  -1   3   9  62  25  -1  29  -1 
 -1  -1  22  -1  96  -1  12  -1  -1  -1  11  35  86  14  -1  27  10 
 65  -1  -1  -1   7  81  -1  -1  -1  -1  -1  -1  -1  -1  56  -1  84  -1   1  34 
 -1  -1  -1  20  -1  65  -1   9  76  34  80  31  66  96 129   0  58  -1  38  88 
 -1  -1  -1  25  -1  -1  87  28  -1  99  76  -1  47  11  -1   1  31  64  -1  27 
 -1  -1  -1  -1  55  12  -1   6  20  -1  -1  -1  -1  67  -1  13  -1  48  -1  87 
 72  81   3  59  61  -1  64  44  62  -1  -1  -1  87  18  23  -1  -1 
 25  -1  -1  -1  -1  19  -1  79   3  -1  -1  24  16  -1  16  -1  31  82   6  -1 
 -1  32  -1  -1  -1  97  68  24  17  95  27  -1  -1   1  56  58   0  54  -1  -1 
 -1  -1  -1  11  48  -1  74  -1  -1  -1  -1  97  96  23  -1  -1  58  -1  -1  -1 
 21  -1  22  -1   8  39  -1  70  -1  31  -1  -1  81  -1  -1  80  -1  -1  -1  70 
 57  29  -1  33  -1  -1   6  -1  -1   2  -1  -1  -1  20  -1  -1  -1 
 -1  -1  30  70  93  70  -1  78  35  -1  -1  63 100  45  87  -1  -1  -1  -1  79 
 -1  -1  84  -1  -1  49  -1  50  74  -1  44  55   4  83  -1  -1  54   0  26  54 
 -1  -1  -1  -1   5  -1  -1  -1  -1  -1  -1  23  67  62  -1  65  29  -1  17  66 
 35  -1  -1  -1  -1  35  72  -1  64   9   7  -1  51  -1  -1  52  -1  89  -1  -1 
 67  -1  -1  -1  -1  66  -1  73  27  39  44  35  89  45  -1  50  -1 
 95  13  41  55  52  -1  -1  47  -1  -1  -1  -1  96  -1  23  -1  -1  -1  -1  -1 
 47  -1  -1  -1  -1  56  92  92  -1  -1  -1  -1  88  86   5  38  -1  26   0  68 
 97  -1  85  35  -1  20  -1  -1  52  -1  -1  72  -1  -1  -1  -1  98  -1  -1  -1 
 -1  -1  -1  60  13  -1  81  -1  17   7  -1  61  -1  -1  -1  -1  -1  15  -1  60 
 86  66  -1  -1  -1  74  -1  -1  -1  25  -1  51  58  -1  55  -1  -1 
  8  -1  60  -1  -1  70  -1  67  -1  -1  10  -1  -1  -1  -1  -1  32  15  -1  -1 
 -1  92  79  -1  -1  15   1  -1  -1  -1  -1  16  -1  -1  92  88  -1  54  68   0 
 44  -1  -1  97  56  -1  46  73  -1  25  35  -1  -1  -1  -1  -1  18  -1  23  -1 
 -1  -1  83  10  -1  -1  63  54  -1  26  -1   7  -1  27  -1  16  60  26  25  34 
 50  89  28  -1   3  10  -1  74  67  -1  63  -1  -1  -1  -1  -1  -1 
 78  89  82  51  23  -1  -1  -1  93  -1  48  -1  -1  -1  -1  -1  72  30  48   4 
 -1  -1  -1  -1  -1  86  63  91  80  -1  81  -1  -1  74   7  -1  -1  -1  97  44 
  0 172  -1  -1  79  75  -1  -1  67   2  83  49  98  62  39  72  76  -1  35  -1 
 90  -1  -1  -1  -1  68  -1  -1  17  -1  -1   4  -1  -1  26  -1  -1  27  91   8 
 75  -1  -1  -1  -1  98  86  58  -1  -1  -1  -1  44  -1  -1  -1  -1 
 -1  -1   6  -1  74  93  -1  86  -1  -1  31  -1  13  -1  25  47  -1  80  80  -1 
 -1  -1  36   2  -1  56  -1  91  44   6  14  33  53  -1  -1  -1  -1  -1  -1  -1 
172   0 197  16  66  89  33  54  87  40  -1  47  -1  23  40  -1  -1   1  19  -1 
 -1  47  67  -1  -1  82  -1  89  50  -1  34  72  80  -1  -1  53  -1  -1  -1  -1 
  8  85  98  -1  93  -1  -1  -1  -1  42  -1  -1  74  60  -1  20  -1 
 -1  -1  60  -1  -1  -1  14  63  -1  -1  -1  -1  34  -1  -1  50  46  -1  23  -1 
 45  -1  36  56  -1  -1  -1  -1  26  -1  65  -1  -1  -1  22  -1  -1  -1  85  -1 
 -1 197   0  33  -1  -1  52  -1   7  40  -1  89  -1  -1  -1  -1  47  -1  52  -1 
 70  -1  -1  -1  58  31  -1  48  75  80  26  -1  89  27  54  -1  24  64  -1  -1 
 -1  47  79  -1  85  -1  66  47  21  -1  60  -1  91  -1  -1  -1  84 
 -1  82   6  -1  -1  -1  64  -1  -1  35  99  -1  48   2  -1  91  20  -1  21  42 
 -1  -1  94  52  41  -1  85  20  39  -1  66  52  -1  -1  -1  25  11  -1  35  97 
 -1  16  33   0 185  12  60  -1  90  -1  -1  20  -1  83  -1  81  41  -1  -1  -1 
 43  -1  -1  92  64  58  -1   1  66  14  -1  41  -1   5  -1  -1  50  -1  52  -1 
 98  -1  -1  -1  28  -1  -1  -1  -1  10  17  -1  -1  -1  -1  41  -1 
 -1  60  -1  42   6  51  -1  48  24  68  30  44  -1  -1  -1  63   9   3  -1  91 
 -1  55  -1  -1  -1  51  -1  97  -1  57  63  -1  -1  56  -1  -1  48   5  -1  56 
 79  66  -1 185   0 148  -1  -1  -1  52   9  95  -1  -1  -1  -1  -1  -1  -1  -1 
 38  -1  -1  78  52  83  31  -1  71  -1  -1  -1  34  95  68  -1  46  -1  39 100 
 52  47  29  -1  70  -1  44  43  32  -1  -1  66  72  -1  -1  -1  39 
 -1  69  58  -1  -1  39  29  -1  89  78  99  46  -1  -1  71  27  -1  -1  31  46 
 -1  13  14  -1  65  86  37  53  95  -1  -1  17  -1  77   3  -1  -1  -1  20  -1 
 75  89  -1  12 148   0  54  56  37  -1  78  -1  24  -1  -1  -1  64   1  22  -1 
 -1   4  -1  -1  -1  -1  -1  13  -1  27  91  24  94  -1  56  -1  40  19  -1  75 
 -1  -1  -1   6  -1  -1  -1  -1  -1  48  -1  93  53  93  -1 100   1 
 -1  23  75  -1  -1  -1  -1  -1   9  -1  -1  46  14  11   2  -1  -1  66  38  37 
 45  -1   3   5  75  77  49  92  -1  -1  28  -1  -1  65  -1  87  74  -1  -1  46 
 -1  33  52  60  -1  54   0  84  30  -1  97  -1  30 100  69  -1  77  77  56  -1 
 68  92  -1  -1  -1  69  45  -1  -1  -1  -1  -1  -1  66  72  11  34  -1  76  17 
 -1  -1   4  -1  -1  -1  79  -1  -1  37  -1  -1  -1  -1  57  -1   5 
 73  28  40  -1  -1  93  78  94  65  -1  -1  -1  -1  49  -1   4  -1  68  96  53 
  4  -1  -1  -1  67  12  -1  -1  -1  -1  84  -1  -1  92  29  28  -1  -1  -1  73 
 -1  54  -1  -1  -1  56  84   0  50  -1  54  -1   3  -1  26  72  -1  -1  -1  -1 
 73  -1  42   6  38  -1  -1  -1  -1  97  32  -1  31  34  51  -1  -1  69  57  -1 
 -1  -1  -1  -1  -1  40  38  49  29  11  71  -1  -1  -1  69  -1   2 
 65  -1  -1  -1  -1  63  31  74  -1  33  -1  66  17  62  32  -1  63  41  -1  -1 
 -1  -1  -1  36  -1  -1  14  23  -1  44  32  97  19  -1  25  -1  -1  -1  52  -1 
 67  87   7  90  -1  37  30  50   0  61  -1  -1  75  -1  82  -1  37  42  -1  -1 
 75  70  75  -1  -1   4  94  -1  -1  79  20  37  -1  -1  77  -1  -1  -1   9  99 
 -1  -1  25  83  36  52  -1   6  -1  -1  -1  25  -1  -1  -1  -1  89 
 -1  57  -1  92  -1  -1  92  -1  -1  -1  -1  25  69  -1  -1  -1  70  68  -1  50 
 -1  -1  -1  -1  -1  -1  -1   8  57  -1  -1  78  -1  -1  15  99  -1  -1  -1  25 
  2  40  40  -1  52  -1  -1  -1  61   0 107  -1  61  -1  -1  53  -1  -1  11  -1 
 -1  17  -1  -1  16  -1  -1  -1  -1  -1  98  88  42  -1  54   4  67  21  37 100 
 85  -1  -1  -1  -1  72  -1  -1  85  95  -1  40  66  -1  -1  92  -1 
 17  -1  53  -1  -1  18  68  -1  -1  49   2  56   7  79  76  32  45  13  -1   4 
 20  -1  -1  -1  28  -1  69  -1  93  -1  -1  -1  -1  28  25  76  -1  -1  -1  35 
 83  -1  -1  -1   9  78  97  54  -1 107   0  30  -1  43  -1  -1  49  40  -1  -1 
 44  -1  -1  95  83  -1  -1  48  15  26  -1   2  35  26  65  28  -1  -1  71  -1 
 -1  -1  80  -1  88  -1  -1  -1  -1  53  -1  15  87  -1   5  38  84 
 23  22  -1  72  83  77  78  -1  71  -1  -1  62  -1  10  32  17  -1  49  29  -1 
 -1  31  -1  -1  37  -1  -1  34  46  24   8  38  21  -1  63  -1  97  23  72  -1 
 49  47  89  20  95  -1  -1  -1  -1  -1  30   0  73  47   3  23  67  68  -1  78 
 -1  -1  -1  82   5  -1  -1  -1  -1  -1  -1  83  -1  41  72  32  -1  68  -1  37 
 -1  -1  -1  69  -1  -1  -1   3  -1  -1  23  70  -1  46  25  -1  -1 
 -1  -1  -1  -1  37  33  -1   7  86   8  -1  34  -1  34  33  97  -1  77  27  -1 
 13  52  45  -1  -1  -1  -1  -1  -1  -1  -1  -1  -1  13  -1  47  96  67  -1  -1 
 98  -1  -1  -1  -1  24  30   3  75  61  -1  73   0  58  97  -1  -1  84  16  -1 
 27  38  17  -1  -1  -1  58  -1  -1  77  54  -1  -1  15  73  98   3  76  -1  70 
  9  23   6  -1  -1  38  48  -1  72  28  -1  82  -1  92  54  39  -1 
 23  -1  85  -1  -1  49  24  30  38  -1  38  -1  -1  -1  -1  25  17  67  55  94 
 25  24  84  48   4  -1  18  14  67  21  -1  -1  38  -1  -1  11  23  62  -1  -1 
 62  23  -1  83  -1  -1 100  -1  -1  -1  43  47  58   0 131 100  -1  -1  -1  31 
 22  -1  -1  28  -1  -1  -1  -1  98  31  -1  -1  95  43  98  75  79  -1  -1  77 
 29  11  92  -1  34  -1  61   2  -1  -1  -1  45   3  -1  29  -1  -1 
 -1  -1  -1  -1  37  81  64  -1  75  -1  -1  -1  83  -1  73  -1  -1  -1  -1  -1 
 -1  -1  -1  82  -1  -1  67  -1  83  -1  66  34  -1  42  31  -1  -1  -1  -1  -1 
 39  40  -1  -1  -1  -1  69  26  82  -1  -1   3  97 131   0 183  72  57  -1  86 
 30  -1  84  36  25  -1  62  -1  -1  -1  50  -1  -1  79  -1  79  -1   7  -1  28 
 -1  -1  -1  -1  28  78  -1  -1  -1  63  36  -1  67  -1  21  -1  -1 
 -1  -1  17  28   8  -1  70  -1   5  26  87  -1  98  16  -1  -1  17  88  24  14 
 10  76  -1  -1  44  -1  -1  23  87  47  -1  -1  -1  -1  -1   1  -1  65  -1  -1 
 72  -1  -1  81  -1  -1  -1  72  -1  53  -1  23  -1 100 183   0 173  -1  -1   9 
 -1  25  41  13  -1  -1  30  42  69  -1  75  -1   9  58  -1  86  71  -1  -1  63 
 -1  -1  -1  26  -1  -1  -1  24  -1  -1  -1  -1  -1  56  57  74  -1 
 -1  36  -1  71  -1  -1  66  12  22  -1  93  -1  -1  -1  99  -1  88  34  33  67 
  5  39  -1  -1   9  94  70  93  55  77  15  48   2  30  79  31  58  29  98  18 
 76  -1  47  41  -1  64  77  -1  37  -1  49  67  -1  -1  72 173   0 195  11  -1 
 70  -1  -1  -1  72  89  68  -1  70  -1  21  -1  -1  -1  88  39  26  -1  61  -1 
 34  -1  -1  46  13  35  -1  82  60  11  -1   5  -1  -1  82  82  75 
 -1  -1  61  95  20  -1  -1  56  -1  92  -1  -1  75  90  -1  -1  -1  -1  28  38 
 47  63  13  -1  -1  92  64  -1  62   4  93  -1  89  -1  -1  64  -1  -1  -1  -1 
 -1   1  -1  -1  -1   1  77  -1  42  -1  40  68  84  -1  57  -1 195   0   5  33 
 12  79  -1  -1  23  -1  -1  -1  -1  67  -1  -1  13  -1  -1  -1  51  -1  47  -1 
 11  -1  -1  -1  -1  -1  75  -1  79  -1  64  -1  -1  93  -1  -1  83 
 -1  -1  86   5  79  -1  -1  55  55  -1  -1  -1  52  71  73  67  53  77  -1  -1 
 86  -1  -1  -1  -1  58  23  30  -1  11  68  -1  -1  -1  -1  -1  -1  17  -1  23 
 35  19  52  -1  -1  22  56  -1  -1  11  -1  -1  16  -1  -1  -1  11   5   0 163 
 29   2  -1   4  86  62  83   2  13  58  50  38  87  20  -1  65  29  -1  -1  -1 
 -1  -1  -1  61  -1  26  60  78  -1  71  -1  69  89  12  -1  -1  34 
 -1  42  -1  -1  -1  60  91  -1  32  48  -1  15  67  38  68  49  -1  36  -1  -1 
 66  -1   9  -1  -1  -1  79  65  -1  -1  -1  -1  -1  -1  -1  27  -1  66  -1  -1 
 -1  -1  -1  -1  -1  -1  -1  -1  -1  -1  -1  78  -1  31  86   9  -1  33 163   0 
 90   9  78  -1  68  -1  -1   3  30  -1 100  -1  -1  -1  75  -1  -1   5  -1  28 
 40  -1  -1  51  -1  -1  -1  -1  -1  -1  -1  -1  -1  10  -1  -1  34 
 -1  -1  58  -1  46  21  -1  -1  74   7  66  76  16  -1  27  97  -1  62  -1  87 
 82  -1  17  -1  64  38  -1   9  -1  -1  52  -1   7  86   4  -1  21  35  -1  -1 
 90  -1  70  43  38  -1  68  73  75  -1  44  -1  27  22  30  -1  70  12  29  90 
  0  86  -1  78  44  58  -1  -1  63  -1  39  -1  -1  -1  83  -1  -1  -1  90  -1 
 -1  -1  24  -1  63  49  37  -1  39  -1  -1 100  49  42  91  66  -1 
 -1  83  77  -1  -1  71  -1  36  81  -1  71  -1  -1  91  -1  -1  12  -1  72  -1 
 85  22  -1   9  48  -1  31  -1  -1  33  28   8  -1  57  -1  -1  -1  -1  -1  -1 
 -1  47  -1  -1  -1   4  92  -1  70  17  -1  -1  38  -1  -1  25  -1  79   2   9 
 86   0 138  -1  -1  -1  -1  -1  60  -1  -1  -1  -1  53  -1   7  -1  -1  -1   4 
 72  77  -1  -1  -1  50  -1  -1  10  -1  78  -1  -1  -1  -1  58  32 
 -1  88  -1  77  82  -1  -1  -1  -1   3  -1  -1   1  63  -1  -1  21  17  -1  10 
 65  -1  -1  -1  -1  89  75  26  54  34  -1  -1  54  67  50  -1  22  -1  -1  83 
 -1  67  -1  -1  -1  -1  -1  42  75  -1  -1  -1  17  -1  84  41  -1  -1  -1  78 
 -1 138   0  63  34  -1  -1  52  -1  70  -1  67   1  -1  79  -1  75  -1  76  43 
 -1  85  -1  60  -1  -1  -1  -1  -1  25  25  -1  -1  -1  82  -1  -1 
 -1  46  25  98  -1  -1  48  -1  -1  -1  -1  74  41  57  70  -1  14  11  30  58 
 64  -1  -1  -1  -1  61  -1  -1  -1  44  12  -1  12  53  35  -1  -1  -1  60  10 
 -1  -1  -1  92  78  -1  -1   6  -1  -1  95  82  -1  28  36  13  -1  -1   4  -1 
 78  -1  63   0 131  -1  12  81  12  -1  99  89  33  68  -1  90  -1  -1  20  90 
  6  76  88  97  -1  31  16  31  -1  -1  10  -1  -1  -1  53  -1  73 
 -1  -1  31  37  96  16  82  -1  -1  -1  -1   7  -1  37  -1  21  -1  -1   4  55 
 -1  61  -1  -1  12  -1  -1  41  -1  -1  24  80  -1  81  33  55   8  -1  13  -1 
 -1  -1  58  64  52  -1  -1  38  -1  16  83   5  -1  -1  25  -1  72  23  86  68 
 44  -1  34 131   0  41  44  -1  -1  -1  83   7  -1  -1  -1  -1  93  29  20  81 
 -1  68  -1  33  -1  31  -1  23  -1  -1  -1  -1  31  -1  -1  24  -1 
 -1  -1  81  13  -1  82  -1   3  -1  22  -1  -1  -1  78  -1  43  -1  95  -1  89 
 -1  -1  -1  -1  -1  11  -1  -1  -1  -1  -1  16  -1  -1  53  12  39  35  -1  -1 
 68  82  31  58  83  -1  69  -1   4  -1  -1  -1  -1  -1  -1  -1  89  -1  62  -1 
 58  -1  -1  -1  41   0 182  49   6  -1  64  23  44   6  -1  20  -1  88  91  -1 
 -1  54  33  -1  -1  -1  54  -1  -1  -1  -1  98  -1  39  -1  -1  -1 
 -1  27  -1  -1  -1  67  33  46  80  -1  -1  -1  -1  53  17  76  -1  79  -1  46 
 71  -1  -1  19  -1  63  -1  29  -1  72  11  58  86  -1  -1  -1  -1  72  81  63 
 -1  -1  -1  -1  31  -1  45  -1  94  -1  -1  -1  58  -1  62  30  68  -1  83  -1 
 -1  -1  -1  12  44 182   0 171  51  66  -1  -1  -1  -1  97  -1  -1  17  -1  26 
 -1  54  52  50  53  43  90  21  -1  94  -1  -1  55  25  88  -1  -1 
 -1  14  33  96  58  13  -1  -1  -1   3  -1  -1  -1   5  27  -1  -1  -1  -1  -1 
  5  -1  46  -1  70  88  35  92  59  -1  98  70  -1  53  30   6  70  -1  -1  54 
 -1  89  48   1  -1  13  -1  -1  -1  -1  48  -1  -1  -1  -1  42  -1  -1   2   3 
 -1  -1  52  81  -1  49 171   0 101  18  56  72  -1  -1  33  -1  54  10  -1  42 
  3  -1  -1  30  -1  -1  -1  81  38  -1  -1  -1  53  59  93  72  63 
 -1  41  93  -1  36  36  52  -1  -1  -1  -1  23  -1  -1  54  -1   3  32  -1  -1 
 -1  41   1  95  24  -1  -1  -1  -1  -1  49  37  71  -1  -1  20  -1  64  17  -1 
 17  50  75  66  71  -1  -1  -1  -1  -1  15  -1  -1  98  -1  69  70  -1  13  30 
 63  60  -1  12  -1   6  51 101   0 184  12  -1  -1  -1  -1  -1  57  -1  51  -1 
 29  16  16  -1  -1  -1  66  22  14   2  80  41  10  63  63  55  -1 
 -1  -1  -1  96  83  43  -1  42  -1  -1  99  -1  -1  -1  -1  -1  24  -1  44  -1 
 34  39  83  -1  -1  -1  29  -1  84  -1  -1  32  92  -1  -1  -1  31   9   7  26 
 -1  -1  80  14  -1  27  -1  97  79  -1  26  -1  77  31  -1  -1  -1  67  58  -1 
 -1  -1  70  -1  -1  -1  66  18 184   0 107  -1  92  21  -1  -1  -1  -1  -1  51 
 81  89  40   5  -1  -1  85  80  -1  -1  85  82  44  -1   6   9  41 
 -1  -1  44  -1  -1  -1  -1  69  21  39  -1  53  89  -1  27  -1  -1  -1  24  64 
 -1  -1  -1 100  -1  14  94  -1  77  68  31  -1  -1  -1  -1  -1  -1   7  -1  -1 
 -1  34  26  -1  -1  91  -1  32  20  98  -1  -1  54  -1  50  75  21  -1  50 100 
 39  -1  -1  99  83  64  -1  56  12 107   0   5  91  63  -1  -1  -1  -1  -1  -1 
 -1  -1  34  79  90  -1  57  -1  -1  -1  -1  -1  36  -1  -1  -1  -1 
 -1  49  -1  25  65  -1  -1  22  -1  12  -1  90  61  23  13  -1  -1  -1  -1  22 
 98  -1  47  -1  -1  20  53  61  72  33  -1  -1  12  57  84  -1  -1  -1  61   7 
  4  72  -1  41  -1  24  -1  -1  37  88   2  83  -1  -1  -1  -1  -1  -1  38  -1 
 -1  -1  67  89   7  23  -1  72  -1  -1   5   0  99  66  10  -1  24  -1  39  95 
  4  90  -1  63  88  -1  -1  -1  15  16  -1  -1  95  -1  85  84   3 
  4  70  -1  -1  -1  10  52  14  37  -1  93  -1  -1  -1  89  25  -1  22  19  -1 
 15  13  82  -1  -1  -1  -1  -1  37  -1  -1  -1  41  -1  -1  -1  81  51  -1  -1 
 -1  80  89  -1  34  94  -1  31  -1  42  35  -1  -1  95  -1   9  -1  13  87  -1 
 -1  -1   1  33  -1  44  -1  -1  -1  92  91  99   0 103  -1  88  87  -1  47  64 
 -1  -1  40  32  87  -1  -1  -1  38  -1   8  31  87  -1  92  -1  11 
 -1  -1  47  75  -1  -1  -1  -1  44  89  -1  -1  -1  -1   5   2  -1   3  -1  -1 
 -1  -1  18  -1  -1   5  38  -1  -1  -1  60  -1  39  25   3  67  -1  -1  -1  27 
 -1  -1  27   5  95  -1  66  34  -1  -1  26  41  15  43  79  58  -1  -1  20  -1 
 -1  53  -1  68  -1   6  -1  -1  -1  21  63  66 103   0  16  11  16  -1  95  20 
 -1  -1  -1  -1  -1  -1  14  -1  -1  72  -1  63  -1  20  74  -1  75 
 -1   3  23  55  12  53  91  25  -1  89  -1  -1  82  -1  -1  31  92  -1  -1  23 
 -1  -1  55 100  -1  17  -1  -1  16  56  63  -1  54  -1   9  -1  -1  -1  -1  -1 
 26  -1  54  -1  68  56  72  51  77  54  65  72  73  98  -1  -1  88  -1  -1  75 
 83  -1  79  -1  -1  -1  97  33  -1  -1  -1  10  -1  16   0  97  59  66 100  -1 
 65  -1  51  97  -1  77  11  97  -1  58  81  -1  -1  54  -1  -1  36 
 -1  -1  -1  40  -1  -1  -1  -1  13  35  25  -1  -1   3  39  89  -1  97  42  -1 
 -1  14  23  -1  -1  69  90  -1  90  -1  -1  52  71  74  62  13  80  52  -1  16 
 -1  53  -1  -1  -1  -1  11  -1  -1   4  28  32  98  75  79  86  39  -1  65  -1 
 -1   7  -1  90  -1  20  -1  -1  -1  -1  -1  -1  88  11  97   0 114  -1  -1  12 
 -1  -1   6  37  -1  90  37  96  39  -1  -1  -1  -1  55  -1  89  46 
 -1  16  73  82 100  43  -1   4  83  -1  -1  16  62  -1  -1  51  -1  52 100  -1 
 -1  11  -1  11  -1  11  -1  57  72  35   8   9  46  73  25  -1  -1  -1  -1  60 
 -1  -1  24  50  46  40  34  -1  -1  67  -1  -1   3  79  -1  71  26  51  29  -1 
 -1  -1  75  -1  93  -1  -1  54  57  -1  -1  24  87  16  59 114   0  53  -1  65 
 -1  83  82  92  51   7  -1  97  -1  42  -1  -1  42  -1  -1  -1  47 
  4  -1  38  -1  57  -1  -1  -1  25  61 100  27  85  75  -1  -1   3  88  57  -1 
 15  74  -1   3  43  88  86  65  24  -1  -1  95  30  87  -1  48  -1  89  15  26 
 27  -1  64  -1  -1  19  -1  69  -1  21  -1  68  76  -1   7  -1  -1  -1  -1   5 
 -1  -1  -1  -1  29  88  17  10  -1  -1  -1  -1  -1  -1  66  -1  53   0 196  -1 
  3  -1  60  -1  -1  71  -1  -1  -1   5  -1  74   5  -1   4  -1  34 
 -1  22  57  -1  11  -1  23   5  -1  28  -1  -1  38  -1  25  -1  35  26  -1  53 
 49  23  -1  -1  39  -1  33  -1  94  -1  -1  54  42  -1  29  -1  -1  -1  -1  25 
 91  -1  -1  52  39  -1  76  57   9  37  71  -1  -1  -1  -1  -1  61  47  -1  -1 
 90  -1  76  20  20  91  -1  -1  51  -1  -1  39  47  95 100  -1  -1 196   0  59 
 39  18  -1   2  -1  -1  -1  91  -1  43  24   3  71  -1  14  60  -1 
 88  12  58  45  39  53  -1  27  -1  80  97  26  -1  -1  29  -1  -1  -1  87  -1 
 86  75  -1  90  38  86  24  33   4  79  30  -1  81  -1  -1  87  70  -1  60  34 
  8  -1  -1  -1 100  75  17  -1  99 100  -1  37  70  77  28  63  -1  -1  -1  28 
 -1   4  43  90  81  -1  26  42  -1  51  -1  95  64  20  -1  12  65  -1  59   0 
110   2  84  72  -1  42  40  43  44  -1  -1  -1  73  10  37  -1  -1 
 -1  34  68  23  -1  84  -1  50  78  85  16  52  56  -1  -1  93  -1  -1   6  -1 
 -1  -1  60  47  86  -1  75  -1  92  -1  27  20  -1  35  -1  72  57  67  86  50 
 75   8  -1  98  52  -1  -1  -1  -1  85  -1  -1   9  29  -1  -1  34  11  -1  40 
 -1  72  -1   6  -1  -1  -1   3  29  81  -1   4  -1  -1  65  -1  -1   3  39 110 
  0 165  -1  -1  -1  92  74  -1  -1  -1  -1  -1  -1  -1  18  91  39 
 -1  -1  23  99  91  35  -1  40  -1  -1  -1  -1  -1   7  -1  68  -1  -1  56  -1 
 -1  58  74  81  -1  -1  -1  -1  89  -1   8  58  -1  43  -1  81  29  -1  66  89 
 -1  85  47  -1  47  -1  -1  -1  -1  -1  -1  -1  23  11  -1  -1  -1  -1  -1  -1 
 -1  77  85  76  68  54  54  -1  16  89  -1  90  -1  -1  -1  -1  83  -1  18   2 
165   0 170  70  -1  87   3  -1  36  68  -1  63  -1  -1  86  -1  51 
 -1  -1  -1  -1   4  -1  -1  71  -1  -1  74  -1  -1  -1  13  -1  35  -1  93  82 
 -1  95  -1  66  -1  -1  36  -1  32  37  96  -1  65  22  22   3  -1  -1  -1  28 
 -1  98  79  -1  29  -1   4  -1  25  -1  80  -1   6  92  -1  -1  -1  -1  -1  -1 
 24  -1  -1  88  -1  33  52  -1  16  40  34  -1  40  -1  51   6  82  60  -1  84 
 -1 170   0  73  10  -1  -1  24  20  84  58  12  88  14  72  98   8 
 99  85  -1  16  10  -1   2  -1  80  34  -1  72  58  94  55  -1  -1  -1  76  69 
 34  -1  17  -1  -1  -1  52  -1  64  54  44  98  12  -1  -1  59  33  -1  -1  -1 
 -1  -1  -1  -1  -1   6  -1  -1  83  -1  -1  69  -1  -1  -1  26  46  -1  61  51 
 -1  -1  60  97  33  -1  50  30  -1   5  79  63  32  -1  97  37  92  -1   2  72 
 -1  70  73   0 189  67  -1  -1  -1  63  48  -1  -1  -1  76  30  -1 
 -1  -1  -1  -1  63  16  69  87  -1  -1  34  -1  -1  -1  20   1   9  -1  -1  -1 
 -1   6  -1  -1  67  23  40  13  -1  34  76  20  -1  -1  96  61  -1  -1  -1   3 
 -1  93  85  28  70  -1  -1  -1  36  -1  88  -1  -1  34  28  -1  13  -1  -1  -1 
 63  -1  -1  -1  -1  -1  53  -1  -1  -1  90  88  87  -1  -1  -1  51  -1  -1  -1 
 -1  -1  10 189   0  84  52  89  -1  12  -1  31   2  70  90   3  -1 
 33  50  -1  37  30  10  82  38  52  -1  93  -1  -1  44  -1  -1  67  -1   4  -1 
 -1  -1   7  -1  -1  10  13  -1  -1  -1  72  -1  53   7  -1  -1  -1  66  74  10 
 98  -1  -1  -1  -1  -1  -1  40  52  72  -1  -1  38  -1  78  -1  35  -1  26  -1 
 49  50  -1  31  31  -1  43  -1  -1  -1  -1  -1  -1  -1  77  90   7  71  -1  42 
 92  87  -1  67  84   0  89  -1  -1  -1  44  -1  -1  -1  -1  39  46 
 86  17  39  -1  88  -1  -1   9  -1  -1  -1  -1  32  62  67   5  -1  -1  -1  14 
  7  -1  -1  -1   3  -1   4  52  -1  99  -1  -1  14  -1  12  64   6  -1  -1  -1 
 86  -1  66  -1  44  -1  79  38  -1  -1  -1  -1  48  61  -1  -1  -1  75  60  -1 
 37  -1  -1  16  -1  54  90  -1  66  85  57  -1  -1  14  11  37  -1  -1  -1  40 
 74   3  -1  -1  52  89   0 114  -1  38  34  34  66  -1  58  88  42 
 -1  95  -1  -1  -1   9  46  -1  -1  66   3  -1  -1  77  92  -1  70  28  90  -1 
 93  -1  -1  27  71  -1  -1  91  86  -1  -1  -1  44  36  -1  44  -1  73  -1  74 
 58  -1  47  -1  43  -1  -1  49   6  -1  -1   3  -1   2  -1  24  82  -1  78  -1 
 -1  -1  -1  31  23  -1  21  81  22  80  -1  -1  -1  -1  97  96  97  -1  91  43 
 -1  -1  24  -1  89  -1 114   0 152  16  31  -1  79  -1  -1  -1  -1 
 38  -1  -1  -1  -1  55  76  18  -1  -1  -1  -1  -1   7  94  -1  -1  95  -1  62 
  9  73  -1  32  57  -1  50  -1  79  25  -1  10  -1  -1  -1  62  -1  27  -1  67 
 -1  -1  21  -1  32  -1  -1  29  -1  85  -1  -1  72  -1  -1  -1  60  79  -1  -1 
 39  10  -1  -1  -1  -1  -1  38  14  -1  -1  15  38  -1  -1  39  -1  -1  -1  44 
 -1  36  20  -1  -1  -1  -1 152   0  11  -1  -1  -1 100  29  77  -1 
  4  59  92  -1  22  -1  -1  -1  -1  21  -1  73  18  -1  -1  -1  73  -1  -1  -1 
 69  -1  -1  52  70  -1  -1  41  15  -1  81  74  -1  24  -1  -1   2  39  25  -1 
 -1  42  -1  10  -1  48  37  11  -1  95  53  -1  28  -1  63  -1  11  -1  71  -1 
 -1  -1  25  -1  -1  -1  94  -1   2  -1  -1  16  -1  72  58  -1  42   5  43  -1 
 -1  68  84  63  12  -1  38  16  11   0 125  -1   4  -1  -1  14  22 
 -1  39  -1  -1  -1  -1  -1  96  94  -1  78  61  82  -1  -1  75  17  52  -1   5 
 -1   5  24  -1  -1  32  53  -1  -1  87  -1  91  -1  -1  11  -1  -1  44  -1  63 
 -1  -1  60  17  -1  -1  -1  71  -1  -1  -1  23  -1  -1  36  -1  -1  64  -1  -1 
 -1  78  25  10  -1  -1  -1  -1  80  85  -1  -1   8  -1  81  -1  -1  -1  24  -1 
 -1  -1  58  48  -1  44  34  31  -1 125   0 131  30  -1  -1  -1  -1 
 67  80  -1  -1  -1   2  44  17  16  98  62   4   2  27  66  50  53  -1  66  -1 
 -1  52  -1  39  58  -1  -1  -1  -1  13  55   5  -1  34  35  -1  -1  35  51  -1 
 -1  -1  -1  -1  66  93  -1  -1  25  40  15  70  82  45  -1  -1   5  -1  69  -1 
100  -1  -1  -1  -1  98  -1  -1  41  82  -1  -1  31  63  -1  -1  -1  74   3  -1 
 -1  63  12  -1  31  -1  34  -1  -1  -1 131   0  55  -1  48  -1  93 
 -1  -1  -1  89  57  -1  -1  69  -1  -1  -1  -1  55  -1  -1  -1  11  44  10  45 
 -1  -1  -1  -1  -1   1  -1  -1  -1  38  -1  47  -1  -1  86  87  -1  89  58  -1 
 44  74  91  -1  72  53  -1  -1  -1  66  87  -1  -1   3  67  -1  -1  -1  89  -1 
 49  -1  -1  -1  31  -1  55  53  10  44  36  95  87  -1  -1  -1  42   5  71  73 
 -1  -1  88  -1   2  -1  66  79  -1   4  30  55   0  75  46  78  -1 
 -1  69   6  99 100  49  -1  -1  -1  -1  18  -1  -1  -1  -1  -1  41  67  -1  74 
 10  -1  -1  -1  -1  -1  75  92  67  36  -1  26  -1  -1  14  18  20  45  -1  -1 
 -1  60  -1  -1  -1  93  -1  -1  -1  -1  -1  46  92  -1  -1  56  -1  93  12  10 
 42  -1  -1  -1  -1  39  25  59  63  -1  -1  -1  -1  20  54  55  -1  -1  -1  10 
 -1  -1  14  -1  70  -1  -1  -1 100  -1  -1  -1  75   0  15  -1  74 
 -1  -1  15  24  79  -1  -1  50  40  -1  -1  -1  11  -1  -1  -1  20  -1  -1  72 
 65  74  44  71  12  40  51  -1  -1  61  61  12  75  -1  -1  23  -1  -1  55  -1 
 -1  -1  -1  -1  -1  -1  57  69  -1  -1   5  25  54  29  21  57  82  -1  -1  -1 
 91  -1  82  53  -1  -1  88  93  63   6  -1  85  92  74  -1  -1  -1   4  14  37 
 18  86  72  76  90  -1  58  -1  29  -1  -1  48  46  15   0 163  17 
 -1  -1  30  -1   1  -1  -1  -1  65  97  34  -1  94  31  39  48  40  82  12  -1 
 73  91  52  -1  -1  -1   1  61  -1  -1  -1  70  33  -1  27  -1  -1  50  -1  -1 
 -1  20  -1  41  -1 100  -1  -1  -1  92  38  -1  39  -1  -1  74  82  -1  -1  -1 
 66  58  -1  -1  24  -1  -1  72  55   9  -1  84  -1  -1  -1  89  -1  -1  60  -1 
 91  -1  98  30   3  39  88  -1  77  14  -1  -1  78  -1 163   0 190 
 -1  56  -1  -1  97  66  -1  -1  -1  47  43  -1  61  -1  -1  -1  41  -1  24  70 
 82  -1  35  -1  85  -1  41  -1  49  -1  -1  54  -1  -1  10  -1  -1  -1  -1  -1 
 -1  -1  84  -1  39   1   5   2  89  -1  84  -1  -1  -1  -1  -1  75  83  34  34 
 -1  32  -1  73  -1  -1  -1  63  -1  41  -1   3  11  75  36  46  47  34  -1  -1 
 39  51   8  -1  -1  46  42  -1  -1  22  -1  93  -1  74  17 190   0 
U:4 min:4
U:72 min:4
U:77 min:4
U:89 min:4
U:36 min:6
U:16 min:7
U:17 min:7
U:23 min:7
U:33 min:7
U:39 min:8
U:35 min:11
U:86 min:12
U:30 min:14
U:83 min:14
U:85 min:14
U:19 min:15
U:47 min:15
U:88 min:15
U:15 min:17
U:50 min:17
U:38 min:19
U:40 min:19
U:27 min:20
U:51 min:22
U:53 min:22
U:79 min:27
U:1 min:29
U:3 min:30
U:91 min:32
U:48 min:43
U:48 min:100000000
U:48 min:100000000
U:48 min:100000000
U:48 min:100000000
U:48 min:100000000
U:48 min:100000000
U:48 min:100000000
U:48 min:100000000
U:48 min:100000000
U:48 min:100000000
U:48 min:100000000
U:48 min:100000000
U:48 min:100000000
U:48 min:100000000
U:48 min:100000000
U:48 min:100000000
U:48 min:100000000
U:48 min:100000000
U:48 min:100000000
U:48 min:100000000
U:48 min:100000000
U:48 min:100000000
U:48 min:100000000
U:48 min:100000000
U:48 min:100000000
U:48 min:100000000
U:48 min:100000000
U:48 min:100000000
U:48 min:100000000
U:48 min:100000000
U:48 min:100000000
U:48 min:100000000
U:48 min:100000000
U:48 min:100000000
U:48 min:100000000
U:48 min:100000000
U:48 min:100000000
U:48 min:100000000
U:48 min:100000000
U:48 min:100000000
U:48 min:100000000
U:48 min:100000000
U:48 min:100000000
U:48 min:100000000
U:48 min:100000000
U:48 min:100000000
U:48 min:100000000
U:48 min:100000000
U:48 min:100000000
U:48 min:100000000
U:48 min:100000000
U:48 min:100000000
U:48 min:100000000
U:48 min:100000000
U:48 min:100000000
U:48 min:100000000
U:48 min:100000000
U:48 min:100000000
U:48 min:100000000
U:48 min:100000000
U:48 min:100000000
U:48 min:100000000
U:48 min:100000000
U:48 min:100000000
U:48 min:100000000
U:48 min:100000000
Distance[1]:29
Distance[2]:0
Distance[3]:30
Distance[4]:4
Distance[5]:0
Distance[6]:0
Distance[7]:0
Distance[8]:0
Distance[9]:0
Distance[10]:0
Distance[11]:0
Distance[12]:0
Distance[13]:0
Distance[14]:0
Distance[15]:17
Distance[16]:7
Distance[17]:7
Distance[18]:0
Distance[19]:15
Distance[20]:0
Distance[21]:0
Distance[22]:0
Distance[23]:7
Distance[24]:0
Distance[25]:0
Distance[26]:0
Distance[27]:20
Distance[28]:0
Distance[29]:0
Distance[30]:14
Distance[31]:0
Distance[32]:0
Distance[33]:7
Distance[34]:0
Distance[35]:11
Distance[36]:6
Distance[37]:0
Distance[38]:19
Distance[39]:8
Distance[40]:19
Distance[41]:0
Distance[42]:0
Distance[43]:0
Distance[44]:0
Distance[45]:0
Distance[46]:0
Distance[47]:15
Distance[48]:43
Distance[49]:0
Distance[50]:17
Distance[51]:22
Distance[52]:0
Distance[53]:22
Distance[54]:0
Distance[55]:0
Distance[56]:0
Distance[57]:0
Distance[58]:0
Distance[59]:0
Distance[60]:0
Distance[61]:0
Distance[62]:0
Distance[63]:0
Distance[64]:0
Distance[65]:0
Distance[66]:0
Distance[67]:0
Distance[68]:0
Distance[69]:0
Distance[70]:0
Distance[71]:0
Distance[72]:4
Distance[73]:0
Distance[74]:0
Distance[75]:0
Distance[76]:0
Distance[77]:4
Distance[78]:0
Distance[79]:27
Distance[80]:0
Distance[81]:0
Distance[82]:0
Distance[83]:14
Distance[84]:0
Distance[85]:14
Distance[86]:12
Distance[87]:0
Distance[88]:15
Distance[89]:4
Distance[90]:0
Distance[91]:32
Distance[92]:0
Distance[93]:0
Distance[94]:0
Distance[95]:0
Distance[96]:0
43
