50 40 40
5 7 7 23 24 29 33 3 7 11 14 18 31 38
1 2 25 1 30
4 2 11 12 19 36 1 17
3 4 13 32 40 18 22 24 39
2 2 18 20 16 33
2 1 10 35 26
1 3 31 1 18 37
5 1 8 11 14 29 40 36
4 3 18 28 32 35 8 22 26
2 1 38 40 34
1 1 5 11
2 4 13 24 8 15 28 30
3 1 1 30 35 37
2 5 30 31 4 5 20 31 40
4 2 13 18 30 32 1 19
2 2 28 32 15 25
1 2 4 2 6
0 0
0 4 5 10 16 19
3 1 29 32 35 33
1 2 18 5 27
0 3 9 14 26
2 3 4 29 11 23 32
1 4 12 4 16 25 37
3 2 20 21 24 5 27
5 3 5 16 18 29 35 2 21 22
3 0 27 33 35
0 3 8 20 26
1 5 31 2 21 24 34 37
1 4 21 1 31 32 40
4 1 7 8 20 25 7
1 1 8 26
1 1 38 1
4 2 10 14 17 24 19 34
2 3 23 25 6 14 19
2 1 12 25 23
1 2 28 23 38
3 1 12 32 39 10
1 5 33 11 16 36 37 40
5 1 3 8 9 18 21 12
7 2 2 7 15 24 27 33 37 2 29
3 6 8 25 29 2 20 21 26 27 38
1 3 29 21 29 34
3 1 24 31 37 27
3 1 8 10 35 15
2 2 12 33 2 17
2 2 23 32 15 33
2 3 14 32 7 9 28
1 2 23 6 18
1 2 38 11 37
