95 100 100
9 7 7 23 24 29 33 65 91 92 99 14 24 30 39 82 98 99
8 8 16 29 33 52 60 78 80 91 8 12 24 25 37 50 56 74
6 4 10 35 71 88 91 94 6 60 67 83
9 10 9 20 38 48 52 55 67 98 100 13 17 27 28 37 40 44 60 79 86
5 8 5 9 53 64 81 9 16 21 29 38 51 59 96
11 13 1 10 15 50 51 68 73 78 88 90 92 6 7 15 16 26 44 47 51 54 89 94 98 100
7 8 19 28 32 44 72 92 100 12 26 59 63 71 85 96 97
4 6 37 89 92 95 14 31 44 48 50 58
3 4 18 75 84 27 78 92 95
7 12 9 27 32 37 80 81 84 13 21 24 32 46 61 64 76 77 89 97 100
8 7 5 16 18 29 35 67 73 75 5 11 33 54 93 96 100
2 6 51 81 7 13 46 58 65 78
5 11 7 8 20 25 48 9 11 18 25 45 53 56 63 73 76 90
7 14 18 30 34 37 44 83 85 34 35 39 46 51 56 72 75 76 81 83 84 88 99
6 6 9 12 21 25 68 92 6 33 34 45 55 73
9 8 12 19 40 53 63 68 69 78 81 32 35 59 60 66 71 91 98
10 3 2 7 15 24 27 33 37 48 65 69 55 72 88
8 6 9 44 51 57 66 68 70 95 1 11 12 41 43 98
5 4 12 33 63 72 94 17 26 36 87
4 5 12 43 60 98 32 37 43 72 95
12 11 3 7 11 14 18 31 38 41 70 81 97 99 7 10 26 28 31 37 67 71 78 81 92
7 5 38 42 43 44 59 76 93 3 10 12 51 78
5 11 26 41 58 63 77 18 27 30 38 57 58 60 64 86 95 99
5 9 16 28 42 46 94 16 19 25 26 35 38 47 56 86
6 7 11 19 48 55 68 70 3 8 14 22 26 58 78
10 10 17 23 24 25 33 40 51 60 61 79 2 6 10 27 38 45 69 70 89 92
5 11 15 25 37 42 46 18 26 29 33 46 52 57 68 69 83 91
6 11 25 30 36 39 93 95 14 20 36 48 49 60 61 67 74 86 91
7 7 5 27 49 54 66 80 91 23 32 49 61 74 86 93
10 5 3 9 12 16 24 36 45 57 65 87 11 18 35 56 98
6 11 2 7 21 22 88 100 1 3 8 30 36 46 47 56 63 70 85
13 9 6 22 41 44 52 54 57 61 63 91 92 96 100 20 21 34 37 55 56 70 80 86
4 8 7 66 81 96 11 13 17 26 38 43 66 83
6 5 39 54 66 74 79 80 13 18 30 63 76
7 7 10 23 63 70 73 78 90 5 9 32 38 45 68 80
7 8 31 36 40 56 57 60 72 3 6 14 20 26 45 79 80
8 7 2 29 42 60 61 66 67 78 4 20 26 64 68 82 97
5 9 1 9 14 47 75 3 30 52 54 55 66 67 82 91
6 7 2 17 55 73 87 89 25 46 49 64 66 68 69
7 9 8 26 32 38 57 71 97 16 24 33 40 44 57 66 78 94
8 16 12 39 48 56 59 64 76 85 12 19 25 26 44 45 46 49 51 72 74 81 89 98 99 100
8 4 6 17 31 37 53 70 80 95 15 39 83 92
9 8 14 19 47 53 60 63 78 84 90 3 19 31 32 61 64 70 72
7 6 12 49 78 82 85 90 96 4 13 18 22 53 75
5 7 24 35 84 95 98 23 25 29 37 50 83 84
4 6 11 33 41 69 24 44 45 51 60 92
7 4 10 15 20 30 42 64 97 24 29 82 95
9 5 1 3 4 8 9 14 20 37 93 5 36 46 66 94
4 9 19 25 29 82 5 18 22 32 48 55 67 96 100
11 7 5 7 29 35 39 54 55 60 79 85 88 10 16 52 62 74 77 94
5 3 4 53 80 86 99 33 44 57
5 5 24 39 51 91 100 10 18 66 67 83
5 7 12 24 44 61 70 7 19 48 55 67 68 76
9 4 6 7 10 14 20 53 57 66 97 63 79 92 100
5 5 26 37 38 67 72 10 31 67 80 88
7 4 1 24 32 54 64 76 77 7 39 51 77
5 8 20 57 69 81 92 3 4 42 60 69 75 79 82
2 8 3 39 9 13 14 52 62 65 78 94
11 9 2 3 19 24 30 31 39 41 55 60 81 9 43 44 47 52 56 65 67 72
9 7 38 41 45 52 69 77 79 91 93 3 32 42 55 60 63 100
7 9 18 19 24 33 53 81 99 7 8 26 38 58 61 76 78 96
9 4 3 4 24 28 35 63 73 75 77 1 11 35 100
6 7 8 37 39 61 69 82 5 7 57 59 69 73 92
5 7 22 45 52 96 97 7 18 24 56 61 63 89
8 2 18 37 41 47 50 70 74 99 4 35
8 3 13 23 54 56 58 70 72 81 41 64 74
4 6 10 13 26 40 26 49 55 88 96 100
8 5 2 3 18 29 35 47 74 92 17 31 53 69 87
5 6 27 33 41 67 100 4 11 16 19 54 99
7 9 1 20 28 59 85 87 94 8 10 30 38 45 78 84 92 97
7 10 7 17 22 42 77 84 88 8 14 17 18 21 25 29 56 63 80
5 6 15 46 51 56 94 24 33 40 42 63 95
7 6 22 51 60 71 88 89 94 23 46 48 50 58 72
3 6 57 83 88 6 30 32 38 45 63
6 7 3 29 38 48 65 93 32 39 43 46 58 68 97
4 5 31 40 55 92 10 33 44 79 99
6 10 4 5 46 49 60 86 9 39 55 56 60 62 70 71 91 92
13 9 9 14 18 20 21 39 50 54 60 71 77 80 93 17 27 35 36 40 55 76 84 98
7 10 12 16 24 31 43 46 59 18 39 48 56 63 64 69 72 74 87
7 11 10 12 31 52 58 74 79 6 30 38 42 53 60 63 70 75 95 98
7 7 2 9 12 13 26 37 91 19 30 58 62 75 76 80
6 6 49 61 76 87 95 97 7 42 45 69 78 80
4 7 28 70 74 97 10 23 24 37 44 48 63
9 7 7 12 43 50 56 58 71 88 90 11 29 32 39 41 52 56
6 6 8 11 13 24 25 91 17 29 63 68 85 96
4 1 5 19 24 94 36
7 5 6 16 29 46 60 62 65 1 14 46 50 51
6 7 10 38 61 62 91 98 11 16 34 43 45 49 94
4 4 10 19 68 96 34 50 55 79
4 6 13 15 33 44 5 23 24 32 77 94
9 4 5 13 25 38 50 55 58 78 96 2 41 50 66
5 6 20 21 45 60 84 13 23 27 45 81 91
6 7 23 37 42 46 54 76 1 25 52 62 64 75 87
7 1 8 10 22 42 44 56 95 1
6 7 15 46 62 80 95 99 35 59 63 67 83 88 97
