75 100 100
5 2 23 24 29 33 65 40 92
3 2 16 33 52 5 60
3 5 35 88 94 9 20 39 60 71
2 2 48 52 12 43
1 1 64 58
1 0 73
1 3 32 49 61 95
2 3 92 95 28 70 97
1 3 84 12 43 88
3 2 32 81 84 8 24
6 1 16 18 35 67 73 75 24
0 3 16 60 62
2 3 7 48 38 61 62
2 0 37 85
2 0 68 92
6 0 12 19 53 63 68 81
3 0 7 27 65
3 1 44 57 68 46
1 2 72 42 56
1 1 12 80
4 2 7 14 38 41 14 24
1 3 44 12 37 56
0 0
1 2 28 60 86
2 2 68 70 38 51
2 5 51 61 7 47 51 54 100
1 3 25 26 59 71
1 2 25 14 58
3 1 27 54 66 95
2 5 3 45 32 61 77 89 97
1 1 88 96
5 5 6 41 91 92 100 7 13 58 65 78
1 3 66 18 53 76
0 4 72 75 76 83
2 1 78 90 45
1 1 36 59
2 1 61 66 55
0 2 43 98
3 1 2 73 89 87
2 2 38 71 43 72
1 2 85 71 92
2 1 37 53 12
4 3 19 47 53 90 27 60 86
3 4 49 82 85 19 25 35 38
1 2 35 8 22
2 0 11 41
2 2 20 42 26 52
2 3 9 14 20 60 61
1 2 82 23 86
2 2 55 88 18 56
2 4 4 86 36 46 47 56
2 2 24 39 20 56
1 3 12 11 26 43
2 2 7 20 18 63
3 1 26 38 67 80
4 2 32 54 64 76 26 79
1 3 69 20 26 82
0 3 3 66 67
2 2 19 31 46 66
3 2 41 45 52 40 78
1 5 18 26 44 51 81 99
4 2 4 35 63 77 83 92
0 1 3
0 3 4 13 22
1 3 74 29 37 84
2 2 13 23 51 92
0 1 82
2 3 35 47 5 36 66
2 5 41 100 22 32 48 55 100
2 4 28 59 52 74 77 94
2 1 7 77 57
1 2 94 10 83
1 2 94 48 68
0 1 92
3 1 3 48 65 31
