10 50 100
5 5 86837 8
2 8 682046 8
1 6 877477 10
1 6 464707 5
2 7 210984 4
2 6 7935 8
4 3 658751 10
2 3 954705 4
3 1 801115 3
1 2 722853 9
0 8 729064 10
8 1 283734 1
3 5 54777 9
0 6 685984 9
5 2 484932 3
1 4 277847 3
1 3 709448 2
8 1 814029 4
3 3 390595 2
1 2 686243 10
1 8 86507 5
5 3 468759 8
2 3 691596 4
3 6 307679 1
2 2 520042 6
3 4 22081 7
2 7 503798 10
3 5 353212 7
7 3 831889 7
5 4 892482 4
7 3 285513 8
3 4 753160 7
1 2 930559 10
3 3 701662 10
0 3 323221 8
7 1 321061 3
2 6 292088 9
4 1 577314 5
1 5 458422 9
1 9 797724 8
0 4 730674 1
8 1 88293 10
2 2 653669 4
0 3 907305 9
0 1 10002 8
0 7 178440 6
7 2 789848 7
5 2 357092 9
4 2 789530 10
5 2 442766 5
