200 1000 500
78 83 564974 5
37 118 512454 1
60 57 112179 6
6 25 779270 8
80 2 744107 9
173 14 843383 7
124 47 609445 6
57 45 568258 7
159 34 334090 3
147 35 666172 9
113 16 487259 4
147 21 554228 10
69 96 226963 9
14 62 164878 8
49 133 357825 9
30 52 108949 10
5 119 457766 9
34 101 516316 8
78 8 243175 9
4 156 979475 9
35 56 95336 6
74 97 689806 6
2 173 89027 5
98 69 637274 9
15 137 761140 9
80 25 726077 2
76 98 21822 5
123 9 447593 9
100 10 93064 7
159 18 936335 7
10 65 759222 9
104 10 784951 4
35 4 681260 9
52 67 649435 5
84 5 357304 4
20 179 872229 6
33 152 146348 2
79 13 530261 2
76 75 337985 9
23 106 187961 8
89 90 861144 4
24 176 108619 8
42 97 764385 5
0 178 482501 1
141 50 941841 2
49 74 248431 3
20 27 611258 2
4 145 749389 5
191 2 164274 5
58 141 788835 10
100 59 947605 1
52 19 164736 1
33 165 625143 7
119 67 81015 1
73 81 924328 7
74 68 945614 4
13 153 813931 10
106 56 580575 1
26 34 344476 4
132 19 378646 1
106 71 518858 1
99 17 762346 10
142 12 622046 3
31 51 747810 5
41 45 579329 6
124 56 426341 6
111 10 148750 6
26 140 893074 7
97 15 127316 3
83 92 585017 5
175 15 590017 3
85 77 308233 10
77 96 622070 9
55 135 218747 5
33 134 603907 10
2 106 832844 7
104 67 727917 10
61 110 237852 1
88 3 276012 10
136 60 931763 5
156 1 933439 8
23 38 186372 4
111 41 936135 1
40 153 170704 5
82 70 733010 3
47 119 910862 3
115 79 929827 3
57 74 386550 8
4 29 344854 5
28 156 993901 6
66 64 754415 10
103 77 930943 3
60 117 297969 10
117 64 190960 3
4 186 856633 4
30 77 597493 3
45 107 783827 7
10 72 126583 4
2 187 337389 1
11 161 724360 3
92 108 644817 3
132 39 702248 4
89 25 570794 6
51 39 758319 3
54 121 914924 10
112 49 260493 8
10 60 693382 7
1 157 704267 5
114 19 49946 4
89 47 682674 2
25 106 664469 3
161 11 252899 4
108 42 132113 1
36 30 723824 3
89 11 909641 4
46 141 714112 9
145 55 223672 6
16 39 882466 6
56 14 431907 6
26 108 402477 2
125 69 248579 6
22 64 597906 8
36 76 690592 4
58 62 979233 4
148 35 454443 4
90 18 237500 2
44 120 159937 3
131 4 721066 5
126 47 581942 2
40 108 96710 7
64 93 639347 4
27 50 995926 2
136 19 513861 4
152 27 546204 10
58 101 577218 10
52 18 892448 1
8 17 490458 1
33 156 960375 3
6 190 436141 4
82 82 963131 3
82 4 449279 6
45 16 652187 10
82 14 515390 8
59 5 122180 5
20 109 557379 9
133 26 915882 4
3 117 27521 2
12 116 685807 9
33 116 290860 4
68 48 723277 5
18 80 389366 7
94 76 725114 2
107 53 74049 6
81 112 484066 8
44 94 825384 9
8 161 243292 2
84 94 474277 9
3 61 303740 6
65 40 126878 2
21 45 739533 6
108 50 858353 2
8 90 227093 8
67 22 396477 4
114 75 441907 5
22 169 105826 10
156 9 991821 2
33 49 725417 1
1 78 59240 1
15 49 849164 10
51 91 603465 3
128 56 848891 2
124 25 766731 2
129 10 166347 3
42 54 908046 3
53 103 150563 2
34 54 981338 3
131 2 770384 7
128 21 104230 8
35 85 48115 1
95 15 293489 10
113 70 265598 6
2 87 284161 8
134 22 217898 1
55 1 986858 2
47 106 334533 1
68 40 467406 3
114 1 645600 10
55 15 139870 4
14 144 10924 4
79 67 344645 7
39 11 674296 4
7 179 719440 6
134 4 202513 10
122 36 514583 10
77 81 885995 6
121 75 132956 4
64 94 544202 8
37 105 331060 1
137 8 225236 7
92 13 50501 6
52 136 776446 1
107 50 388193 2
61 129 509478 6
95 32 553713 7
46 58 897998 2
7 11 118848 4
59 125 250245 1
139 28 396221 8
67 2 797746 6
67 104 169743 6
24 84 242903 3
78 44 998931 2
51 143 38446 4
28 41 349709 8
12 165 762778 4
10 20 18220 6
83 19 21721 5
10 54 234998 9
21 31 725926 6
0 151 204752 4
25 26 495806 4
115 14 411341 2
99 24 442991 10
176 12 306850 6
71 58 104736 7
111 8 66832 4
40 156 576924 2
23 18 669922 6
47 118 340494 8
58 84 257137 6
56 106 90124 5
92 14 581243 1
44 143 51366 2
98 42 607783 10
60 21 464236 8
1 134 251402 3
156 20 256181 9
10 17 540087 6
27 127 442014 9
7 182 95163 3
155 6 752109 5
69 106 256588 2
96 2 715981 7
6 10 769867 7
28 169 462323 1
5 95 259729 2
95 70 785257 4
42 152 761418 3
61 40 473254 8
124 47 384812 8
5 175 909979 3
92 19 60347 10
13 71 362716 10
58 16 298204 4
24 140 234066 8
81 20 658452 7
16 157 473240 6
41 36 319083 9
15 22 351740 5
84 106 591927 2
43 143 500405 5
38 149 625263 10
47 70 505209 5
78 91 539913 7
12 45 54795 7
175 25 817567 10
20 134 257657 5
101 2 838271 6
118 65 100946 4
133 45 126168 9
6 6 597713 2
3 175 418048 1
4 62 482771 2
46 121 683583 6
36 39 641933 10
93 4 475095 10
44 69 674528 2
13 32 947107 2
29 57 621273 4
117 80 36933 1
118 52 985353 9
81 38 747574 1
101 87 234015 8
67 28 358613 9
99 38 74470 10
107 12 269602 8
33 25 766710 9
132 61 2362 5
18 84 883830 1
54 89 691914 7
51 69 630421 4
22 39 781362 1
5 21 58192 5
139 49 67363 10
22 7 434150 2
81 90 649512 1
126 39 302148 10
126 27 118357 3
101 50 531677 9
94 80 777201 1
51 76 906056 5
189 6 346337 5
71 103 148742 5
97 69 665400 9
110 76 280970 4
136 38 535665 7
133 15 953168 8
11 186 366124 6
6 44 445513 9
127 17 783486 2
27 121 993196 2
21 140 416961 2
89 89 979535 4
188 10 163315 5
67 27 465778 10
108 66 781278 9
31 95 668811 4
102 6 487641 7
45 83 167202 9
55 48 954153 9
93 59 103298 10
151 31 91842 10
132 41 188732 8
115 63 784619 5
2 23 156323 8
12 126 507773 2
112 50 44038 6
14 103 729572 9
97 76 792443 4
134 1 660174 10
104 38 136986 3
113 4 172703 2
18 43 891814 7
69 62 89109 1
126 53 463525 10
0 40 847401 8
150 4 71862 3
62 90 571153 2
23 81 198668 9
91 109 695751 9
112 18 548665 7
146 31 879622 2
66 71 28253 9
6 148 902799 5
34 98 762820 7
55 90 262430 7
67 126 883497 2
100 81 858930 6
112 32 556649 7
144 7 451794 1
88 21 30358 3
45 44 198230 3
185 3 155400 6
26 18 584878 7
100 18 526867 10
127 4 581238 8
111 88 700967 2
151 8 989567 9
11 124 462313 7
20 137 725658 7
105 36 107564 8
65 12 127972 4
46 50 869403 4
100 72 328225 4
104 41 276685 3
64 58 655430 1
62 15 251731 6
118 37 153972 1
53 144 74811 3
9 163 682809 9
41 94 775664 1
10 46 272843 3
113 53 628715 5
84 112 552291 5
1 76 164177 7
48 116 875591 1
91 29 733516 9
140 31 670594 7
55 48 35530 9
65 4 872639 5
28 104 680594 5
83 104 662895 3
50 116 162931 1
78 26 138787 4
31 22 409897 2
37 96 740487 9
57 89 415214 6
112 49 486924 8
11 89 103620 3
68 35 31957 2
106 24 131452 9
37 99 416073 3
55 51 684318 6
47 129 397634 4
9 165 411097 3
7 171 368514 7
29 99 606849 2
38 105 160328 1
114 43 226150 2
91 35 164241 3
38 34 859983 1
48 64 472432 9
103 62 900189 2
69 85 451299 8
140 4 624454 1
66 72 687708 9
32 20 274596 5
77 79 275164 2
187 8 849397 6
46 60 829122 1
64 120 85454 8
70 70 138582 3
55 121 118492 2
127 26 403001 8
62 111 552261 2
32 96 820828 1
42 93 57992 3
58 1 134347 1
58 50 2144 4
165 28 830589 5
15 149 989912 4
101 55 194114 6
123 51 627142 8
168 22 547151 8
2 105 939754 1
138 22 398913 2
123 50 109994 3
174 17 656019 10
25 23 540587 6
44 100 911740 5
35 64 59995 4
21 9 315048 8
47 99 804410 3
78 22 195754 10
105 39 869549 6
2 138 740923 2
43 45 617345 5
45 122 438510 10
95 99 184997 3
109 56 844669 7
82 26 769354 6
14 144 28593 4
45 97 91458 4
70 111 186041 6
5 146 977848 8
74 10 229032 2
49 136 292105 10
47 16 561683 3
8 150 480036 2
164 1 394286 9
85 108 829977 10
13 137 754044 4
119 68 327164 4
3 166 716289 7
124 22 667624 9
98 20 428930 5
11 107 110890 4
22 32 371945 6
27 148 361825 4
72 32 954922 10
5 28 34866 1
75 60 171946 2
8 75 740920 7
129 55 767103 3
97 13 633509 8
1 21 847107 5
153 24 397887 10
8 47 865085 2
44 97 892652 2
114 50 406626 9
36 48 868161 6
23 124 585750 6
100 18 165906 6
105 89 189674 9
83 25 303235 3
85 104 773801 8
15 79 872147 8
109 81 876708 1
40 64 705245 9
76 38 98850 7
14 85 948549 6
61 22 788825 5
68 85 531114 5
41 38 519180 2
38 125 700829 1
81 73 991858 4
151 29 213797 4
2 99 374021 2
9 148 406729 1
33 88 90588 5
164 34 777635 1
47 123 919269 4
28 152 273592 6
172 10 42884 9
95 93 511396 10
66 103 49327 7
51 108 819754 9
5 164 994129 5
3 183 872696 7
29 132 207744 8
38 108 152348 10
19 85 355210 1
97 57 421680 6
15 179 50886 1
42 68 809759 1
27 109 298092 4
30 53 787756 4
17 55 205853 3
119 10 22954 4
21 36 260195 7
98 66 66237 9
24 106 278879 9
77 82 291826 10
103 60 800359 10
117 65 424221 5
40 69 86945 6
24 162 51920 1
20 146 709664 6
148 41 287578 8
43 91 892500 3
26 120 545177 3
18 62 533386 6
103 4 95691 10
106 22 973206 4
66 121 731213 10
60 27 256475 7
168 12 980957 5
29 8 865509 3
143 27 673445 9
30 58 564585 7
35 39 660753 6
41 5 386367 7
98 38 821508 8
100 83 572864 5
42 28 884951 7
1 124 68750 3
4 68 99545 2
122 69 136171 3
24 42 407541 3
102 81 309216 5
63 56 351367 9
71 126 789881 7
67 26 932686 2
55 87 715225 8
121 42 324684 2
150 26 822035 10
58 52 383373 7
58 17 941593 3
8 46 447280 5
24 91 432338 9
39 95 393646 1
15 79 277424 6
89 46 505560 7
94 61 317600 2
31 15 246791 4
86 33 498029 5
18 145 637827 5
67 117 780793 4
101 73 358167 1
103 70 102449 2
65 68 598501 4
145 26 391766 2
10 74 898316 9
28 89 521205 2
32 116 865313 9
163 20 379457 10
30 142 553118 7
129 53 915938 8
69 51 1387 9
42 112 344625 5
16 16 737440 8
138 10 510039 10
152 13 397964 2
60 38 607888 4
43 60 576211 3
148 46 396224 2
52 27 533353 5
30 112 300019 9
14 150 166860 10
6 78 852883 8
32 66 188489 2
65 84 268446 8
114 24 329579 6
39 54 163684 6
142 41 681509 1
87 40 738724 2
167 21 562477 5
91 81 321872 9
93 84 895714 3
143 10 707583 5
4 145 810316 5
70 8 432672 8
73 106 776321 3
55 141 153813 2
25 88 85577 10
156 32 142920 7
7 165 146099 8
61 25 775046 6
47 127 395485 7
19 166 840780 5
17 146 890994 10
165 6 34728 10
113 87 829177 8
8 42 773108 10
71 71 304410 4
3 100 320468 8
132 68 265458 3
53 52 331876 3
125 51 142852 8
20 161 781636 6
88 1 257961 3
99 71 201157 3
45 51 269639 3
70 97 42139 9
55 98 503367 3
80 5 402089 4
144 44 932718 1
26 7 342745 9
5 177 869261 2
67 122 620418 5
44 68 765575 10
8 99 110221 2
119 21 604094 9
132 38 899013 4
17 25 87277 2
136 59 767186 1
38 36 674075 9
41 137 805305 1
65 3 690378 3
144 6 177054 9
38 3 101828 8
91 28 801437 1
35 16 719084 9
72 48 415778 8
67 23 96132 10
16 32 856059 2
122 54 477150 2
158 11 644502 1
24 173 612359 8
20 18 682765 7
125 71 586120 9
32 125 179435 10
60 127 362639 3
94 104 546777 6
114 14 553813 7
40 48 651784 7
71 39 252030 6
40 85 288550 9
72 125 774571 3
88 28 77548 8
82 55 311030 7
46 108 642788 2
98 28 502519 8
8 114 52117 8
38 33 225130 2
99 2 99362 6
69 117 16348 9
160 32 131317 10
7 41 397712 7
123 26 419001 9
27 143 374344 8
37 144 249320 8
75 49 449980 10
112 78 733865 3
160 11 718456 2
138 54 312200 7
81 47 339834 5
0 196 762445 9
26 162 406689 3
27 25 71157 4
28 108 933493 7
0 92 874561 5
108 37 34874 5
100 50 127562 4
32 60 670811 6
8 158 365027 9
92 31 497784 5
122 32 132029 2
88 37 469138 7
10 157 509400 2
79 94 738626 5
110 78 248624 9
29 78 44883 5
97 44 639463 2
64 134 172209 5
153 10 550129 4
26 136 737974 8
29 170 429941 1
108 30 274461 9
129 1 99667 7
19 133 877981 9
61 40 965833 7
92 24 470069 4
126 28 858485 2
28 86 287826 3
29 74 134554 1
85 73 485846 8
28 26 32698 2
50 4 758261 6
176 22 805010 2
11 11 868976 10
91 86 413457 6
4 177 840659 2
37 148 922235 4
9 147 766545 1
111 19 237335 6
86 106 815434 5
60 55 374888 5
83 89 57716 10
84 19 819262 6
133 17 169693 8
51 99 833257 5
1 122 960149 8
22 175 969355 6
19 48 328016 1
22 127 56222 10
60 4 753392 7
9 160 299432 1
72 107 341860 8
47 41 122072 1
119 44 202132 10
113 41 503906 5
77 103 524701 5
8 145 419112 5
87 15 365548 9
79 116 45461 5
60 32 530101 9
27 167 683273 8
67 12 34826 4
75 81 104682 10
169 12 171907 10
11 173 441883 2
32 46 333036 7
129 28 812118 1
10 172 227292 6
13 41 600628 7
159 34 542768 8
14 173 42152 10
22 172 820822 9
163 12 515748 9
123 71 681133 4
40 42 480769 9
50 76 824163 8
54 28 704574 5
67 13 387096 10
45 9 808157 1
8 56 15084 10
12 157 819933 10
3 175 787318 1
25 161 258630 1
72 46 773001 8
19 155 428202 4
132 38 432734 5
94 39 302926 8
15 34 664769 9
69 5 409968 1
110 59 945957 10
124 11 707707 5
39 59 308616 3
93 96 687200 8
31 67 398861 8
5 136 625524 4
84 56 493291 6
95 28 419316 3
71 17 947266 4
91 94 987833 6
136 36 168167 8
24 68 613927 4
51 113 822324 8
65 24 864389 8
78 38 142796 10
34 6 75188 8
66 19 401624 6
171 21 398772 5
153 22 310959 10
132 62 529282 10
15 171 319930 6
121 70 207239 9
14 177 932519 1
29 122 734042 5
133 48 871864 6
39 150 967103 10
61 14 794688 5
99 32 99374 3
27 4 719803 8
57 63 557059 6
1 5 365766 9
0 34 784970 2
24 163 480619 2
25 107 10120 5
41 81 560794 8
45 18 975887 10
98 42 560854 4
14 75 661442 4
49 15 925481 6
44 33 733438 3
101 69 186744 7
30 5 893834 6
7 2 484460 7
157 5 676892 5
133 10 508002 1
4 99 809450 1
58 120 574758 6
27 11 73857 8
31 111 72932 6
71 49 975444 10
134 7 512661 2
15 12 508014 7
115 67 862491 3
169 4 869657 1
27 19 285745 1
5 33 559026 5
79 46 917567 9
55 110 439637 10
28 79 546403 10
80 84 570503 5
134 3 625921 1
143 14 310257 6
66 90 641624 7
83 17 21344 1
7 15 168419 7
86 113 915112 5
12 39 923342 2
3 96 299721 2
39 90 763381 10
6 1 970630 5
25 28 178985 10
120 1 738225 4
73 26 368888 5
134 21 999558 6
44 24 916594 8
69 18 154066 4
17 62 905677 7
19 73 788677 3
165 26 362825 2
10 110 578992 1
140 60 209684 4
12 153 550260 1
88 37 259850 3
106 65 838814 5
111 39 722269 1
66 7 421270 5
47 25 551306 8
40 70 238963 6
35 46 191853 5
180 6 115270 4
37 3 673689 6
19 21 81098 7
55 44 932018 3
59 97 145859 9
15 105 498038 2
4 145 641294 9
39 93 1203 7
51 106 950013 8
53 82 686759 3
36 84 144026 8
128 55 8815 8
0 133 371358 10
124 34 218088 7
5 63 465620 4
8 94 628799 2
41 86 280503 1
9 28 373766 2
69 13 861751 5
40 9 264798 10
13 33 991664 1
120 41 631434 6
98 70 46959 8
26 87 805118 4
46 1 505363 3
155 39 631679 2
20 144 135618 5
44 90 420825 9
45 74 370239 5
191 5 210412 5
21 75 778004 10
192 8 714404 1
19 7 627338 6
15 51 159127 8
53 100 808360 4
46 92 835688 4
62 86 691497 4
36 126 948574 1
1 51 838579 5
136 6 661909 4
57 107 744161 1
12 149 670452 3
28 111 469800 1
47 18 302613 9
0 180 54523 5
94 56 37447 9
16 119 927611 10
16 139 331784 1
18 164 719960 9
52 114 481204 10
14 94 923404 4
12 24 386583 3
12 71 979343 1
1 75 770084 6
54 12 159139 5
0 45 737576 5
119 6 196775 10
123 50 794499 4
41 51 878178 7
36 39 508331 5
95 95 114766 6
61 23 204973 1
21 37 535838 1
71 17 388822 2
75 77 766439 4
34 29 849934 10
119 62 205114 1
22 61 446907 1
90 4 67455 4
121 44 511215 4
109 16 588279 9
104 70 493129 4
53 136 367393 7
36 92 314821 1
21 27 40390 5
33 44 908089 4
36 47 69624 10
94 56 990371 10
83 53 374992 7
46 17 608092 3
17 98 788712 7
72 109 32262 7
16 42 839423 10
55 49 398123 5
27 63 49201 7
106 78 744316 9
10 137 193718 10
183 15 880947 8
29 95 473166 7
116 23 941517 4
123 5 988665 5
105 45 187635 8
24 58 203511 3
152 33 482034 3
76 44 356203 8
106 15 957754 1
37 101 653331 10
45 113 154054 3
133 11 184809 4
46 68 378403 8
18 79 187107 2
175 2 294837 2
39 95 199780 8
71 56 516153 7
71 25 416588 3
36 163 106903 4
41 11 945969 9
137 63 853972 9
33 162 867029 10
3 47 500417 10
6 21 219358 10
112 3 316836 4
47 48 389889 6
45 51 159269 2
50 70 155075 7
75 85 497465 1
36 142 233434 7
66 69 18524 5
57 134 428541 7
104 96 471837 1
15 36 565850 7
29 80 993000 7
100 72 519584 3
123 23 897810 6
158 31 156318 1
54 18 451582 10
46 151 100234 10
16 159 813495 6
130 70 562351 2
14 81 929019 9
131 33 908489 8
43 22 280106 9
88 6 832926 4
105 21 378981 2
33 98 68040 2
23 120 534999 8
105 23 324108 4
85 114 590771 6
14 183 426368 10
126 55 753296 7
38 160 942988 3
134 11 596564 6
79 86 611049 7
102 28 704727 10
136 60 780268 8
46 63 641234 10
8 25 640636 8
36 88 238452 4
87 34 160517 7
18 38 211226 2
50 7 383382 8
23 92 427990 6
47 113 64483 7
64 82 502879 2
33 154 699711 8
