78954624 5000 500
12340649
12135071
9591115
25289658
18221129
29339184
27968390
29288099
18934192
34434144
30951723
7029741
7908094
22750888
14812864
14841133
20564637
28453030
36592209
34868765
24731967
10198134
29862766
35732043
1507825
10200270
9353806
28348410
36004465
33078279
26247039
25040575
20738359
28690566
14268739
2612672
7301340
12746870
30991988
30101899
27808026
4006357
3049303
35210848
6713982
10929258
37473294
38691951
7099919
27809157
31672007
30230307
2750209
38843785
34714430
28854261
32863201
27346802
10348099
35428353
23949690
12407901
24326325
34581371
24212910
14345902
31379026
23107768
8401877
26072163
8097548
8286449
1720168
23147755
448069
15412620
17740155
13419803
15871756
19482580
22968662
11056083
8336017
20373611
25308228
14492578
7970459
29517160
611932
11597576
27793752
7515951
21317232
16871260
20702118
16975771
36818136
15131888
30483583
27135115
22555548
22905976
122363
18266588
20077413
15844480
2062288
5253550
7546508
33812263
22155854
36998095
38206579
22726807
7507644
33783442
31694155
9582297
39388459
12746594
902426
32739627
3804177
35923012
37873097
30445477
31936048
21264870
33232526
1215029
6555045
4980545
38614137
22085219
27170138
3204229
3368787
26645377
19904339
25427849
17659720
11070317
15238345
37012790
31216948
28951969
1705258
21058385
23580027
4888080
31615872
10019644
6561569
31643836
16072448
3358734
29081549
34005329
3124548
5633756
36611837
23557305
26291163
14723415
23199431
20711669
31811036
13291304
32938548
9524190
28617533
20692507
17548957
33780902
25551138
2396662
26597375
14260209
32408830
25615895
24590321
31830122
25075649
33528828
33452078
4972876
7686013
20887029
11174962
15185940
17913552
7841802
35373564
67803
6197377
1735736
462434
34506542
9602505
5096965
23867497
13367499
30021722
6162129
29388129
36357807
19974295
10654822
29043513
1329798
38019457
24279026
621095
7148043
36090689
32922725
23322462
32843532
32013705
7575650
15523726
2569951
8613806
4130586
8017173
28265746
21750783
9191576
17689916
35882582
20867534
29969700
20907912
19533690
27011118
32002386
24970113
18150530
1339163
25956063
34370146
18659249
22518709
5707428
18092744
33833406
34222713
10157287
27801902
16160374
19422318
20088006
37217882
14814113
15190084
31774434
22207498
39322515
5516304
26124697
24460279
27857498
35846389
23133240
10271704
12623330
13904818
1028676
38615393
24925920
17001894
15583564
6589482
12861433
16853069
23077465
4728874
530619
30939738
6878363
5260943
38938180
21212425
37272522
2416891
38674478
15152635
12147623
6429338
25842726
3628405
30394077
39574741
25648467
6847736
35722328
34043928
6186320
25208315
19054083
33688359
2762439
9045089
10870709
22387697
4053205
4959984
7513941
27907092
1499336
38192969
33354008
13374567
16269314
37888042
29199273
35363908
16171170
10765570
30572511
17132278
17109728
16860210
14148596
27629898
37932383
17785888
915628
24354623
6128135
34615335
9183683
33952179
31465096
37858220
3123335
36887192
6587213
7531065
38717695
6331089
15425759
7162914
27360106
29369943
31356802
34989622
39779639
11193647
20540712
2502734
22265812
10388283
16190344
32266441
4239994
9509925
10160195
16862744
17271244
964232
2920196
18986240
37245077
11470582
37170564
35371248
4864068
25766948
887795
35225708
37649671
39176376
15244433
36601445
3876990
21961827
27090045
12319059
37810165
7191491
4005335
19319309
38405972
17259561
15099488
16710298
5733504
24857151
24151790
27893682
38762622
12254450
35112197
896603
2371023
21442077
5072468
11410479
37465589
16891459
10751112
21497076
13183703
36057637
10209828
17222175
22692712
6039880
28776819
5575681
11484037
12848143
29739777
21222882
36548329
32378174
28532934
4879457
24828799
10373460
30766560
28393865
8354704
34496623
38122881
34669030
471770
17348594
36672383
17023475
21080472
37698490
38018226
38213426
36533717
20711667
11349924
19018111
19248147
16668641
25477693
25068221
32725140
6279646
5174724
6632958
14419278
15231256
32409832
8032698
16802032
21679987
35529781
28513520
17643233
3627984
25895627
10686963
17226429
7081081
2220548
34553672
17836602
32114471
17291821
32470580
28850292
12854163
23956617
27225866
35384846
25356967
26127337
7449640
2370762
15467659
36951832
2369759
39314927
14561831
22215677
35449863
3098877
29081188
8757106
4095782
31863597
23401535
17235887
39517952
1245117
22110727
28304957
10809346
8826174
25800069
1942810
38119631
27260766
31775500
1299738
8363892
13927345
14683473
12683780
37954489
38417345
21126972
16374507
31938335
38483799
30414962
26452346
15391131
26169322
21601799
29509808
38159757
848478
27589625
26023513
33127655
15036257
35511791
8779817
14289725
38538947
302586
36299124
29684189
39257470
19495855
35032015
3747686
10538418
24406446
8242447
25473168
24984140
37417793
36230346
18900592
31572406
34949062
2689240
38011107
26817672
33514518
37384289
1764479
23247361
12040997
1824717
38830617
29889472
32589166
31087805
6309335
16571139
15221833
31944299
36096470
5945714
16384349
1396485
18140410
19704742
3301130
18922631
688648
18340442
35414640
518176
27254194
37780727
28932548
12111655
13432915
34656790
24617205
38856082
4146811
25931783
20758417
6446607
18514612
34921804
11730856
22522559
13829971
7335681
32871417
366389
14772711
35616262
25571530
22668896
36452256
24654620
31381966
2940492
20893195
31353112
33019233
12636140
21814985
12989613
3958376
30218640
14123566
32675430
11817524
21770451
11698830
27854349
3513687
13195301
27695503
13450819
12287153
16303906
10282746
25775923
32072128
16789090
35687015
17337680
23206602
24944552
31837389
3601789
13127879
34674865
21928566
35574938
28369162
33610933
20124965
34160927
14070857
9621809
6780811
1526602
32583365
6462307
4509485
35462362
19379427
31620502
21482991
3978899
33978262
20254112
9317519
11402031
28407336
11627942
38959305
10338809
1905422
28657604
33138980
30123192
19637024
6045523
6979752
31020072
4591770
38777629
34093961
8494271
18468987
29138855
5326747
28591695
2082699
14811576
20026743
28224667
16279365
19491268
5832296
12370073
19350509
21947589
17347366
34254904
3724274
7487988
13783720
5705198
34235575
29118137
16509672
6218525
28104355
32584299
23941101
29447111
24040653
33159308
16236294
3645640
20856318
8143208
7782532
17520995
21328226
6021237
34335510
24020333
12142343
35579658
6112619
25557513
8763604
4412470
16193877
17905505
15798677
35773053
26725697
19295417
3738966
30265448
13734441
6375804
36970887
4727633
33040029
2279712
10900761
930769
28150738
23671479
26543538
8799641
33841680
26419591
2147000
4826060
37915974
34525055
35189201
13708405
8360299
9070924
600681
21716914
33835011
12123687
5388038
30086942
7480852
5348652
31978137
22549752
25883849
31339549
18399151
8638449
28214592
31928671
30058074
36511840
3595226
15191576
29984837
22101650
28683964
9122108
27569986
14529353
22741109
29408795
10849742
31752244
11130200
21417645
14938329
30677273
5865397
15711789
5277329
32181077
19194396
37729416
9468134
3714238
35753014
10727587
1777039
20545613
13045973
23979781
27098765
36633294
8090282
30006106
14228051
17620544
7708430
16246166
23405244
38986786
32190218
26782284
10102082
1494734
23100279
38313962
37683030
20004635
19437255
39700863
1645943
11813255
37289865
34840077
16843989
10793540
1361835
17811284
37793923
10808717
31627398
10877877
935009
26383034
31410265
11280445
7382257
363753
9979729
9281899
7433142
39086762
34181965
16255277
24844660
20958283
27476603
19509358
22883788
13985730
5271724
35758090
1122204
20584756
25793858
18102912
3728658
11023975
744448
20949207
18332567
25191304
24198732
20803062
21991964
12482468
8254312
19816950
15023489
39636004
14121829
13706407
21147000
14314749
8169311
36730670
26686191
35800824
28979520
4859451
27485529
11202576
7630057
38998026
14785143
38360307
4326929
34263423
28629314
37235764
6905219
10029343
1310166
13481874
17495291
21666476
39743030
29732921
27459009
38064914
12016225
38127287
1374525
16525762
17752914
25005068
6697130
8433718
36854179
19763453
12164670
19285314
33457173
35908862
14242012
14440881
8173803
17285602
34051213
10114938
4121411
38085097
11389014
24539055
20424375
19746173
12303433
16497923
5779671
21577196
26489279
8837395
33372239
38290833
29191874
38053555
3610616
12199309
15477368
8882730
5372286
36501728
28962472
12337600
23275991
37278328
4028912
27680610
31589527
1139923
11171930
3668866
22583287
34561262
21555077
14395054
24050626
23436149
14135699
5990268
7603112
13341112
33385150
33324003
27708391
19123868
39669178
32985637
35170599
37696710
4587438
23176383
6358809
14967194
31498005
33750830
22991413
17826767
11887318
7040739
3345294
8846765
36832601
14743546
2263344
39375179
28505237
8306085
10376034
19469488
31242946
33424380
36318894
5647072
17529698
2215076
33718576
8486774
25017400
9055143
9705135
38995112
27212450
1688528
30548619
23046617
20219088
28914739
150402
18953734
16343084
15947805
17161029
38476105
33856279
36726254
23902389
34379544
3362690
9556268
16938966
29469651
12836386
13870538
2125127
21634505
13812045
717976
20178289
18659734
16905911
11433676
21460282
20625366
39307938
943993
2950453
35402061
8259962
2891480
16472739
35494466
2314517
36051390
8680257
32832292
17206555
37599289
4790459
13973857
36658640
38630404
35017384
31262290
6486100
103108
1230508
9632803
32734050
6161218
3040201
38035327
22419046
24982045
7636348
29231587
26397334
30597034
38131427
15660726
29293200
30044158
25490292
34824852
30823223
3138532
23742256
441546
14910936
34166959
15011348
3463649
23229641
15047060
7857222
16229595
27619842
8156297
8273088
6030035
20935414
1371638
13072276
21711890
35817619
22039225
5400802
29192233
36376359
35052155
6408720
14365832
32044032
18251947
27048689
27952857
5452864
23752879
12252537
18913817
20117942
5078972
16677286
18506908
25280532
17071071
38497988
6463197
6835556
23164398
39614638
32334897
19802051
29606205
13859275
17379432
14641615
29324007
21383823
28214464
9784917
25370034
17697998
19543722
36531606
25779094
527396
15491372
7529060
36273982
711215
2064139
27823815
39805892
35279364
37403056
33196133
18704694
12963191
4944518
36780178
8703065
29398604
16867984
20204472
25242322
3305679
24226671
14516705
16411849
31960217
6136302
34328877
30453730
24718593
11738747
9795298
22025409
9941669
27531903
4931225
39434115
1430125
3612566
14751464
3072385
6126818
1536459
22231643
6174757
3339634
5235306
22717132
32709938
26750046
38359425
35090599
35674355
18490152
20563163
38450681
34960544
18197228
21776035
4564849
5889214
33445532
16828032
17651565
38464041
31783980
37414577
19831605
8132174
30071861
16950855
3404270
30980653
29019142
9861335
10940776
36244906
36144950
10202399
30810522
35945441
4225315
6166697
17610110
27855506
5054261
3297710
17061108
36693658
23690545
20322775
13674593
16462430
36312155
8215701
39794200
10620532
18500509
24666153
13405841
19437542
17598646
15084407
18740466
21476228
28508319
32310862
13098753
11198619
15214605
20726484
13814238
13456606
37036769
6821957
23917635
11362451
36125041
3249194
14074662
36367202
24109116
2678874
12044556
10482541
8661563
10863379
20606852
2624186
31673886
13777465
4767370
38646366
1753367
33079315
22438631
16620385
25428696
33683659
9581375
26828338
39195750
35904027
8147679
16442675
39370381
37727856
39411972
36648535
17800995
6766942
2734025
26333489
34089642
36217271
23264631
25239246
35477876
7010962
15322322
28602238
19867002
1984554
9993348
25529598
28052732
979940
20069564
10599145
33613339
26101392
32809328
15428754
14846646
20641347
9087351
19659684
9447154
27666514
34567366
10628799
11099224
26802663
18059665
30744101
33653054
7070551
10062051
10144317
21976279
33676460
23592286
30938401
30399337
22859474
5746971
26243625
30248515
33908867
4916395
8177732
12176482
19648
1172179
21623838
35025553
11856292
29283037
32523236
28659392
33182392
17361737
38159453
28919546
32804813
7747501
12647428
30654299
21113555
16091849
30339133
16144646
23874970
35240546
36675786
37303473
5097313
39044858
10766733
5124857
3813734
15449016
4459673
35875196
18158292
1878875
23423799
10889032
14409888
1840037
18080015
1939498
29559325
5603245
4221829
2246338
19241909
33712018
14662102
27655449
13037853
36260610
1967774
13696366
5319959
3481115
13228575
14794788
18911325
37799059
18952057
30746799
5971643
11206472
25328155
37466159
11699714
20707620
19569683
15536861
32936031
24805183
32548238
31316962
8427043
29118291
39486804
5709193
39296014
3894958
33407544
22536509
380404
11467073
3192202
3006968
15690855
37328820
31746351
16129642
6451251
35166103
13558075
34641104
1957988
10380697
38044889
37011154
38375634
30359190
12974019
25283166
39105942
34555445
27863598
33413888
36125076
8784689
23774038
2845233
17338355
9291761
21467284
11157783
12717924
4992833
5195571
3780252
32915840
13611375
6863567
14931654
26897075
1708869
496201
8131901
25701422
20151400
34980726
32002711
23865649
13823749
17095556
4418397
24788539
23981055
28434337
29076504
39110508
30967496
32655397
11617243
26861673
12885787
2351932
22086561
11456946
8453341
20402080
7735890
18193919
13476920
30759628
13231374
15705048
5563656
1564179
32514368
31075748
8952752
5431344
35627634
15831404
21523867
30451494
6060156
495382
15950891
29658993
32327076
25162790
32665314
38737046
34948601
30290085
29095950
17890260
9384392
944453
15857830
34682588
36442692
4550774
5199358
21350167
7305609
24340249
24421101
16399360
32697602
24967526
25938438
9853945
29696612
23480392
17273974
13894695
16009996
25290365
33203510
37787881
30873424
14912543
21114164
7906308
8206581
13581449
20754971
13231318
23912998
3560206
10716148
9951546
32236334
28037993
33094044
35438937
1535027
27718296
864223
1546021
18402889
25100276
2515326
27352217
5980609
35768602
10277512
31179301
14481335
19316476
12543385
20550810
13503177
477394
8752747
6543977
17403830
19043072
35083015
22608966
12610428
18052966
32585547
30389989
14019088
14867291
6808913
3206217
37669670
10357982
889222
22771081
4686819
5042075
23712185
3063797
17110853
24079144
13488651
29154379
1656037
6445577
12075645
37660949
249746
14582341
25905633
32686483
38802353
16160107
15766157
11685083
28502112
30369706
23209697
38677182
1465744
12952034
34697288
37768421
2475825
211022
26868388
29610345
10344135
36714978
2507407
1564290
39691704
20639797
21740245
20460514
5916157
13447878
2601338
28996562
35192798
17414920
25975712
380938
16774086
17326625
28765801
26058847
14253680
23650291
27063724
28088822
32779005
16800212
32245257
31030832
16608606
30691221
27772814
19485826
4055980
5463620
2906575
25025053
20132357
38185729
30808152
30292478
13758498
37311512
37769656
154124
647885
11528549
35329649
30308072
28670947
109410
5150037
37276241
31226081
8452888
5957834
19946425
35799152
21770646
32531063
937790
16411441
31124332
37331445
6076651
24793828
1742538
19456236
29947092
137618
30783892
34211495
20471711
4842598
16055921
39476432
24135932
29706731
14975683
31255790
22131101
31324178
1952024
19687064
14522607
7133087
13222627
38863349
6708574
23320309
22881659
31471774
34019118
34192639
22852966
22335843
7284114
24046145
28518327
8759260
12088558
6345294
14348549
5229692
3993162
15180756
19610193
24854778
28900654
24766292
23270919
8701423
21791196
22880977
13539066
36821863
7985164
26942333
18669959
20201043
34794121
38625133
10214341
2830462
36390549
38212833
31458196
14041414
34527958
14079570
12424356
34100824
19066993
11221340
12470134
38658435
20620668
35085352
14049053
16362897
24707574
14252623
2122555
2272930
2813312
2879736
14196115
19836735
28452770
32826812
10832931
35659868
4447428
14707923
1176087
3520913
32556002
7966670
36277444
14677715
11984352
26716063
10299400
33045549
9914980
38451400
32635724
7693743
38194631
9908602
31697925
10099878
12855676
17922440
23421587
22973439
31231708
3370888
23059781
20231551
9540112
3928417
7553111
27741293
38915883
26854477
7278473
16814425
33328972
34928969
36293552
6283859
8224159
21091056
4850819
2049022
13797355
7563256
31469797
15253310
25676060
5761560
32455237
30570137
27907254
2224622
989396
23609410
14946663
23166450
23352754
32199402
424302
32086286
9739980
35506771
34921893
576430
20082407
7742075
1763113
22998413
186890
35242051
325450
4780302
23191353
33507416
6737739
26702040
22462487
6532467
24893236
29413687
36325983
7025674
27996582
17150501
39754298
37906535
16756799
30740571
26443696
17761094
21563469
27766870
21532756
23994239
35625577
13353473
38300848
32207371
27167326
23858704
22833241
17251084
10528188
29771795
17040450
22778098
32995977
13001050
9192519
39609821
9437843
34342643
39087280
21972516
28069736
22058767
26925172
2687462
23834418
32616561
25974257
12211013
22716799
21724544
7475793
11708718
17131457
4772442
9418808
5677382
24301332
35695050
6814781
22841766
18839413
29830509
17203548
13325767
27679066
37153244
820551
1170332
18595102
10511486
35893725
35640003
14061332
836327
21612398
30639227
7366741
6100324
18725175
27757984
37253250
34233565
14454044
10941968
3788635
31443479
291348
30903661
17581244
6785759
30582292
32525970
34417181
11820068
18186104
18665828
34923497
23671281
2783315
34644050
15557603
39036100
39059510
21938537
7247089
39643813
7652659
2120732
27586074
35294004
21837542
33299354
17349030
30914323
29759541
19967724
18599564
711297
37025852
8474543
32731060
38165922
33314573
264726
1079086
26604059
20728748
39148600
30599363
12690470
39532450
37360257
32851909
21436733
39143140
16595628
24279944
28636356
10459802
2258638
21759522
9365269
34750976
27120526
31419119
2758673
7799896
18064909
25144478
32530019
25409706
19063489
26478867
21735685
20340826
38977587
8060933
14999455
34872717
32432403
27318369
913256
9889454
8769333
26789932
14132991
34191031
33988456
27994377
22928460
28059690
19522435
33954409
35007599
25994429
20852963
10140244
25855740
10051292
12976228
12693915
9329776
30400490
9353872
6755183
15689310
28020937
19405047
36845967
2810150
37488467
11570033
26010573
39224273
3930494
35126609
28251496
4573026
19885593
3495709
7166253
1731610
913919
2134775
11075658
21804492
13592632
33996554
28969322
9061051
32460647
2817016
2404381
23386551
15593242
3829293
11582681
15269115
27266462
29168977
27051158
18241500
9013236
8656607
9794371
28821547
35074037
5181771
35593500
17939982
31817436
26269658
9806105
37441726
22079479
378052
18884331
999835
6636973
19872399
743121
4336945
33257434
6255741
9805596
18020666
33079121
4188703
1563014
38038989
24641849
3969399
4168451
29038805
12304784
31200631
20507917
17634581
6397051
33940251
5850274
27615546
13966436
1791809
19238115
25464309
22639035
24480216
38303365
26509818
781409
18716967
37261789
35549745
22428190
36042260
29807140
1717828
39323894
7152951
34595540
16830771
21021248
16698514
27583770
1048366
389940
7085762
15869136
4450334
6019006
13375820
35742656
13622192
23107031
164241
36344116
15813693
10985121
25228397
22811260
8048278
34083333
17199863
33183677
16068639
39001842
11873908
19683051
28194789
25822599
12496343
31077686
19994230
21401416
37612179
15913373
21047094
2869688
13558717
33735361
3412876
20809765
11923315
11327286
7362369
19651545
32656561
24808826
11314005
10951144
23837870
15016820
17186811
13046817
12856232
5665904
19401082
221196
3697701
21449983
38282885
37943066
37867103
24527911
10724793
14991767
4924701
7894343
26501733
36757860
5240210
38179999
10739264
39223080
29133012
18686111
31487390
4267994
8725698
19815704
15306953
2169001
15257240
14013482
36561564
33995005
16858898
13395048
34482492
33267757
31330183
17167071
18304229
37851588
8566384
16735748
6852854
24437603
27881204
38199399
36158186
15008334
10609868
27538187
4307832
36475759
24551488
35609747
21647826
28784824
23588212
5493127
2543638
4746662
4550470
9360669
21891186
17120093
13909644
39387130
22308582
10611555
26356051
25091512
29933479
16277733
364142
22937443
16777893
28288209
15350505
32132047
25707709
11414080
6440084
30260807
30576616
18756711
30116422
18461684
18372332
39449244
34190002
23926294
31241479
12504869
32294406
4443943
29500359
36879958
15648922
711517
26189744
3434380
8597650
20996444
25112475
15734117
34956152
7117190
36108758
39065117
37805555
16049044
3703265
4038562
28327808
28338189
31891846
10700708
4144168
15905444
18482931
2223623
9776190
15724655
39724289
20244861
23234981
4661587
35640409
19499950
39250692
33197590
23622774
33798806
14429073
18183128
36669277
23285268
8466174
5166781
10284293
20157498
27753197
6833574
33034855
37378101
18386003
18985627
28478672
110908
24196435
27033429
25457700
7205734
12304736
20927928
22757916
11652463
18026021
701227
7365467
5136988
28740559
22160786
18933532
39013220
1182896
27640429
4182874
15496660
31056644
38525620
26046821
7454217
5601375
8716932
5483370
3893763
5503188
2614039
33608581
25729854
32296388
38329259
2099667
25729185
31628567
32025721
31545203
37703210
4998488
11433152
3393294
407223
4193330
426215
33697821
1456891
30750181
27870841
9641899
18853424
22766858
38950113
37379232
35000020
22487457
4157792
31611261
10326029
39733391
19182949
26756828
35804026
8526790
5058467
8986526
13669871
6742693
17619109
8368385
11528554
8192118
32050434
1582950
13282691
25937503
11543743
6511636
11305694
8619413
25981257
37178821
27160418
4547333
10543526
34815860
18754573
34366105
4642762
7223507
13454704
28340835
8815026
6448236
7113065
3914576
25387108
18611443
9265417
12924955
27399039
31155052
36078583
12732884
730543
28589740
37860690
24526711
37095893
31389053
5724020
11517611
27706493
3565331
32257593
635199
8004907
28383782
17988979
14204607
12509470
10040451
1855250
26405385
10183144
24601117
33772641
11703350
3904912
21168421
12006943
9397283
39334869
10170569
17365939
13311182
15548698
24256662
25155525
4297550
37692081
13173651
3094914
18816846
24518263
506640
173442
39503647
19383658
29725815
26602972
14618913
8216055
37566890
28276005
18942927
20656942
16174199
34558910
5094402
1559446
9680304
14692419
23893958
13169735
34445657
34469235
3129581
16426407
3255190
14835238
25967333
18127985
36802376
6966678
39765456
11272203
32154177
37712681
7606826
25176909
29481934
11832078
23259371
29205087
11443056
24468354
5360014
35389591
9204390
16240712
22963596
7065397
10155653
10653310
30622948
18005988
25256911
3279996
19726365
34519472
25870341
36284167
21202058
26474691
38238323
30607171
12761623
4108197
5318658
38876198
5158966
19127086
39264822
18631674
11937705
1653341
24316909
31877007
15577833
22523934
36424869
26687939
5109029
28319107
32758945
37975411
11875086
2353763
24827427
12766557
24241906
17209923
30324986
27513690
12245886
1156001
18623998
35047338
2352758
15249291
19585414
25921206
30467202
10800291
22403598
6381380
35134659
19647959
1481142
27417182
25714519
11140764
22116134
31428903
20302092
29633585
22077379
1522096
18721069
18488228
29958159
24649446
2658463
30138889
26585590
33546875
33619156
16874053
19958439
11118739
22448028
19414269
18130872
37075203
27445461
3747787
8994245
15741827
27500732
35823353
34276283
16983364
4637650
10486116
529148
16744749
35345163
3165677
6425746
1076748
23067119
39819620
15381528
17757239
24006546
5662945
36446451
26739128
37921793
21066445
22313273
18897637
3037664
6529862
8766248
6682134
3849643
39345768
29891114
6927198
27175037
26683504
28761079
29256962
32091850
6486012
11732690
15510679
14728146
24369766
7298708
19430417
14805320
736047
39813743
38561042
35086645
23451092
15342409
6208243
35482886
38549840
7479363
9091684
3541217
24226267
37944463
8691760
17593726
29526149
23060106
6660715
23315703
34965882
9733098
3179472
29781712
36573470
21512292
4371865
27640210
28805409
23606704
11334799
12031456
38810028
29753836
10663561
17671241
2487852
21276937
22818282
12394943
5833225
4412310
3549236
5567607
25685047
16262445
15136124
33963054
8909083
16079658
2437476
9033433
21697492
35597982
4722806
4272708
7208418
38158200
5876815
11189396
37577618
7709154
27934463
17331582
5530044
134094
27528108
36179086
32473312
15760965
28121792
4347433
9872356
21234237
9534031
24694255
29959824
11995490
16654320
2203617
27236449
3292903
6303213
20881589
10498036
14000212
23527375
26007202
28151636
34605941
34536315
23490253
1016053
29536993
22762891
19851803
33966149
1992056
25039740
4812500
6831289
14325714
11243835
18445772
36620347
35104756
20522556
33364461
18558115
22050746
30779363
12544120
417947
2856998
23200177
16525639
29350518
6004594
613724
9812608
1981945
38823682
6315928
23728111
21863369
7766611
22874111
24034599
543082
39204408
34538958
17448032
4378984
33171242
19671876
24757782
27833982
7408806
17950751
343961
21095507
15428375
11916046
20928712
13241790
9302614
29264667
21653560
22363564
14091163
16562929
32888523
18294493
4559087
4390987
28547861
2643291
23455842
1923249
26763843
38745526
198292
8468875
20146408
11377177
3791979
4121847
16978662
11667003
4910884
21544644
1667582
19394278
14378958
16987408
7736643
37499702
32606411
37549165
13308772
19230347
17847168
25492110
34430545
25627634
277053
27508890
11033751
27195594
772689
23153798
22677984
21036480
992927
8262072
3633172
1626138
13633068
36203829
6910439
16762383
4862337
25646346
36809738
2324295
29840762
32124867
4739579
35710482
8576771
35149275
29036292
18922232
1095598
20970191
6198015
31102692
34080630
38124495
28161984
19790074
7418709
37590486
36337913
7611893
24447962
31734528
732591
4628060
8262198
37667474
33572733
17775397
28203366
29427125
36714731
12852557
19551200
5295617
1607536
6647178
16468672
15295313
25503130
6429879
27744543
6666709
12262372
31594710
20788491
27556656
14274627
7935288
10926724
7502208
10233458
37144144
20365154
31339767
17869677
4381732
809049
9667488
31766451
3148028
29220162
32970069
1804494
33798511
6435157
21107342
27290806
12525101
13949933
37748052
22416230
35355068
17321484
18114770
4023906
4321284
20677613
35910684
20057603
25542523
12810153
14959750
30885324
35542131
12981472
21485216
35792531
3361975
23301448
27604250
11959934
32763457
2740948
8550675
22472756
31728398
18965010
35974995
10846658
6939814
7789210
31276838
27925264
30320140
38225587
27431111
9157546
28751057
29395010
21171478
33324709
9115394
22775962
29990271
37373883
21736856
31597753
32217594
80508
29391443
21909589
24747381
18039983
32603797
14318651
9142458
31211124
3884697
3382645
11427056
1692148
12076
29147256
15934205
28135837
21286524
28716751
34616382
5307624
29078174
37080690
24382799
22184416
19506288
23293966
38021563
33583240
32478655
14178615
26168215
15821487
37033981
4595538
32422476
36489505
22163543
11552718
15453519
11843338
7620869
20084084
6627040
25344477
37115931
25692513
39580695
5009280
8260943
3477233
33595672
37341448
7321507
38671230
3087523
661495
28443659
24586066
1418047
12787877
16607218
39269690
23879158
17537948
9260174
39139369
401888
34434266
35133341
2394963
15082904
14033400
31914594
19596046
19257778
573342
15886571
20331910
26079628
16459302
34886067
20388491
2719990
246898
37672132
1367741
6300639
33058378
35721558
34178219
27109746
16135555
25299030
5920255
32441970
14573535
1337607
29099864
2844862
11678993
14899991
19364390
17046829
14175030
11071213
35570522
3598177
10729922
19010699
37266268
1359060
9681912
27203217
32047409
25842586
31165968
20018482
22396364
11777401
9083362
34786450
23455328
7768440
8586290
31188879
13880971
30417305
8449394
24498927
28495633
34155525
34075115
11764661
29393829
18528059
11951614
28029781
26580142
3944597
23184011
27732093
24091867
15120498
17073108
37057922
30694543
37758285
39460528
23020920
8512796
23820106
7667374
32744335
9252214
570965
13218437
22144031
8673193
10536743
39272156
4070552
26198292
33215518
20985460
38227357
13321087
37819533
39253997
31963881
39782340
5027305
20540359
37972924
38145145
3789254
17791355
22992075
32156807
20838609
33396336
26996424
10252974
7677809
6824321
37427051
31048711
38431395
15796864
37349676
6296044
32367663
1270284
3445014
16878690
39216700
30203205
16633576
39095209
4471961
5371969
3787825
32147639
35502694
27110362
10286136
538066
5807898
22779721
19664663
13639365
34898713
24266386
23453532
1132645
15222003
39595413
9961416
9999189
19843114
13290614
38702732
8376743
18892798
17078312
13686162
3222782
15138214
7237155
30351798
3089064
16215999
29793652
3160906
25032943
11015123
37825180
18326002
1592460
4695135
16382304
9752843
3096690
8936718
26367702
1063253
34032970
6069579
26138696
8892409
18004062
19353720
10793584
28064844
9543310
3426566
36414832
29822122
31297829
25963477
28236103
6715246
22990980
17707261
29374475
36984264
8539319
19224800
29278965
12789529
15969658
30332468
2427237
16514483
26145823
2157298
29875961
16452544
28428123
17012554
27844753
35954304
21247788
18829874
1612791
12298991
26189195
8167483
22504922
37625378
35242977
28867766
306391
10904902
22661157
10267295
29384283
22566939
31881805
30163541
44239
7128923
38924976
11609535
3840893
23325075
4359853
36143351
7858840
35340215
23638246
9565957
24847828
28810872
17729223
21182833
9414891
7813055
29011112
33146903
33926108
21162747
19955619
8239044
38635597
14351570
24067178
35526645
3234899
27869461
15435167
9812914
19099969
19022226
33535283
15063974
17287828
32223729
17946433
31423239
23407927
4796181
10572424
18282468
13999784
22785131
36781146
13294211
8508781
647454
37191947
15081148
39624370
19731900
18647415
38114325
25587444
20487451
5978091
35754137
28579704
25582035
5618844
24668332
34245546
19005439
20456589
4116897
6416861
31123635
33613316
39389826
31955967
26669131
4253753
29161058
425055
32388605
21687398
6083714
7925791
29626186
30431883
19698322
23372197
13051736
10747280
37333663
17562199
21370910
19274253
33076778
37387581
9006370
27281267
19714186
22064722
9215586
9110933
11084008
34727443
9635132
25418950
5553733
33076383
14547948
9292386
34145813
17457601
24918179
2182235
37798176
12617389
31896104
15394323
256335
33767275
28768913
28005695
23703351
9164903
16015477
25342735
11749004
17422801
37393350
37533461
16641473
19109908
10630470
7723962
5320367
906486
1075244
9367592
4041235
23363984
33663805
22108874
18211558
23468057
9882768
2453210
32320183
14404668
34112685
12715115
19266596
19955663
14173069
13526725
990400
37984132
24422900
22489614
39792363
4606623
37669910
3026162
31066010
11300262
8988838
27021956
3022064
37525413
12217211
28649990
19115571
35454072
12465238
1083166
19624996
20921311
27722220
1323288
35207444
22419489
1198006
26934444
20774051
24990959
31287329
19235914
989706
2704486
18416243
16724721
36840856
16971284
37048406
35861748
31115222
20007541
7542916
26835583
13111980
25636750
21850942
22200756
36621075
29056102
8093638
10950398
35837140
33541581
3568177
34565835
7759271
26565179
1637860
30879054
34319068
11572247
37325385
37047134
38604920
2980079
39656050
1217859
5912089
14594888
27313017
39075983
17482118
27947548
17720661
6146923
2991645
25963710
10075848
15979393
35934525
33420445
37640906
28795908
36700688
17929940
18363331
17282942
14856554
4043633
36317916
38324614
29316764
15479200
15166609
10730542
11558170
27007303
18970035
27632521
20011881
38511877
5441751
28976249
24156288
35065953
29006413
17972365
2342621
4966521
31703910
32163408
11232661
27149761
28355460
32129060
24381567
29703268
32763604
12494423
15116484
5593361
23492296
26775429
14337576
34433797
21140454
16587912
27365805
21416159
32790494
37059607
28435610
21591610
20517979
2294414
8920835
22238219
11033850
4199293
23504957
11403688
2023614
21253977
21388284
33282100
29688652
22458352
19302798
9459129
17436278
23512746
32097894
26811859
30704000
556348
21923281
34403769
14819726
6470738
25945997
13840981
9191105
5238223
1944853
9652190
12603952
245396
23306064
9129280
34010617
30718646
34356901
20193059
8117135
25336980
27444117
32206918
6230284
8414429
9920199
545431
39451901
2325420
15205721
27538301
28345599
29128870
25452861
13145942
17298157
11523470
26279454
6994895
30208141
23115438
26058751
17137481
33699713
15783573
1747480
37061125
33117416
30528263
27554461
14045109
34252050
10609562
35989863
15542113
25756901
2768410
39407622
12350849
8637790
8650626
11801599
39573108
32952880
3474531
9486653
5543877
15745923
25744757
12101351
12457779
26121230
15551207
20545206
36745549
10312353
17463797
31352809
9344701
18963479
20573276
15081089
30833236
29918890
1290176
17504943
18432877
24559335
17365015
38637739
13901391
38001923
25834014
2739904
16535795
7998225
2011001
10424258
1870020
30851786
5226363
4533410
19073250
1409580
39427590
24907939
28464382
23495537
26419433
19080027
20442022
29431698
11348426
20756179
11907894
6625565
12091765
20429064
26850189
10088171
23781586
18992159
18814432
2460643
38747653
25140956
10749770
57149
6072257
14468536
9060596
331477
10959364
6504963
33882937
26425222
20521420
24140752
33633784
1285513
6856589
18316031
2588097
39464301
15715540
18171384
17507733
15677800
9119427
9573417
38593187
14880507
24865318
1728564
36655251
39125619
19036026
4708313
21931048
14596588
23265789
30399465
3757579
5586897
37516660
18445620
10224806
12163128
411557
28873295
3772137
10237304
39523182
28979085
2585451
19203882
36866137
7394655
31637032
24573626
2092081
9763014
25868257
30063224
11503604
2796343
19731274
29851950
9006005
26985683
3660282
37702631
38075767
29743098
24097830
29682616
1256474
30334185
23655505
11799289
36000889
37128684
8938993
18580607
4940913
8355414
9101526
26325106
1441345
32809878
8852693
2207079
32395237
4952471
4527081
24604394
12540970
4674330
20371930
18859578
28726074
11260586
30169854
20256601
17639897
35614947
25053055
20786041
19560451
23844267
2554453
33484859
2247175
31011358
17077070
39180033
39716933
25272265
26970384
34975757
6725108
15619996
10978826
28705200
38250676
5418749
14633561
12230891
24825842
33948336
3538318
2372723
11007836
8507548
11728558
6119153
105537
25222932
38722507
18589412
16115506
8737785
3209118
16582342
22197341
17854002
13160826
32621310
34276325
19151041
8902080
18227492
19166322
5334323
38788838
20759478
5785726
34854847
33915560
10517248
38257418
16683832
33886534
16154352
35268715
3580230
34249300
11894092
4902064
9832411
17933450
30969182
7827911
17195143
19211557
15058025
4285854
12094721
15367354
35838763
6914605
38457907
9614812
755754
8520440
36792920
37514118
35961472
37741451
36979303
4080128
21274934
10717688
5796069
34065028
26881057
14234585
2963148
1202823
27358875
21723495
39285881
26659897
24060313
16281607
21547792
11883013
24287185
14765366
33470151
6314032
38344049
16429557
15423941
5476529
19338005
31799480
32275807
26181503
15606247
14214143
15566605
22017917
27778565
811536
35862958
27374106
27870930
31361205
37892591
21424392
31414652
3472066
37228340
1014976
27652803
19366261
16349689
806376
26123427
5090383
37156098
23572479
19759884
16174629
33412505
3690384
13716259
10730997
27384555
33071076
26908269
19087240
33248271
8729404
30664950
13961115
39786303
17065279
18353796
38104501
1460246
10584197
34701032
39679180
13756624
36432982
3112938
6634588
6853675
34252638
11104761
19867561
15423531
37589442
19181208
37454667
30286288
16319467
8076282
37166877
16201883
20905987
39765736
6969249
6949616
31709148
12478760
17039249
34772773
37205780
34307089
39752575
15671963
17180037
24502945
34801866
11125445
21865972
29140947
15450738
33637936
23541917
9240143
39646588
27140606
3169699
11788913
34936503
25127433
5899493
23123919
38177126
6496196
29930014
24799722
32872767
24966281
1601080
33006866
15114113
22916509
10671663
19140138
14158505
20563577
17395373
10173480
3869245
25200034
33764479
30498741
28162293
6465886
21679731
32092792
22294411
31984885
36920030
34757122
13745968
11435237
22060237
32491389
12539693
23221330
10448818
33345673
30839783
12898903
2013519
31289232
29105767
12660291
18998921
8601134
7001932
19878832
17081943
16876490
37960950
9897498
35010175
10522463
26298583
13843627
35368185
18565121
4836024
23216149
23810867
21417558
22730696
39513587
3464442
10109918
3365086
24176072
19923810
32282336
19759219
348859
9404667
2628804
12592973
33329981
22379261
32736724
7598768
3873182
8621189
26323991
19830290
26088049
11293634
13157542
37439069
34740730
24988361
9321371
28742035
14538372
39296531
19933652
28982292
16022792
2235349
8848149
8099159
23622872
30573875
2321971
12569841
31510269
14189881
12680971
15635853
18279140
21342590
9970079
19065794
9229324
14730937
6329052
26106553
8926653
28885645
12431664
33827090
31334796
20492502
36066360
8388467
25256472
5063798
38444504
6800248
33108479
8633721
15078484
24911892
11094808
7052478
2670583
16742618
36582626
21029649
6574493
26092910
36905321
19196307
33363762
28705766
2713736
35032105
7420268
27032526
36139672
32956299
14021322
13919552
31365534
25685564
5817052
27468699
25795339
13728970
1544901
3526437
6042089
13553225
39361068
25514659
3866606
7866005
12939368
13567429
3812957
35291345
37282700
8447411
25604559
26626962
34554358
15970843
39087206
5175894
31752502
30864864
1462605
9724992
36028770
26040948
3228260
4544402
25989299
16487540
22684025
39798986
20313196
24782078
2072979
38659566
17930134
33627985
24309144
18802949
6095964
8703628
37723425
37202926
30514063
15547438
4613102
12678719
769700
37874340
28939402
17679457
27554039
26842781
1945136
20527201
36189306
22815748
36449515
5765616
12539303
480921
39551501
8083508
36645888
9371591
22350184
6520737
24972891
37862718
31723124
2362954
22175758
1542433
3316879
23031867
39235140
4657027
8565209
2203258
23761540
21301707
17575585
2536822
33961498
22983850
12189305
36022421
27400924
30279030
38950662
21962195
29906332
19775067
33693590
29711954
18729902
17962647
27877756
5212278
15898072
12577591
23551123
36057312
35234793
11715555
28609
20668636
4433599
11938888
39488667
25665873
1525937
2379578
25141972
31556958
3329512
29182077
1146172
16293717
23358105
32347556
27208413
22691919
1034646
35767635
33758595
13749744
4003111
23009585
8985979
30927713
15597576
34198373
16076816
4514636
147169
20569286
14758293
5056281
6614946
31306311
35555018
25663210
18550120
39658567
4803110
23041897
27713883
26612199
29968996
8966421
4310690
23814356
24309707
31999326
20382001
36696926
26535154
10411539
33233769
21365183
5195317
17978405
28176626
9427293
7646655
8300324
17877968
12539100
26519453
36058033
8126208
13011328
31395612
36926518
39394191
14805004
22895701
878696
30591965
33895219
727988
32732080
10641800
38092911
39607190
8105034
4456427
7462663
20111833
5012562
37770802
12795974
4942850
28559308
20120469
591957
13597710
5652564
2603093
14386658
13517104
39028872
8846691
13650535
6548761
9720239
20292525
21006936
23893557
3516213
22439223
14650988
39377590
28489157
5934586
32171552
39540442
23781124
20836834
32354824
26955251
24148961
19326693
29357480
22278861
11480395
24956047
14984050
27299451
29062176
30037443
15327608
19912176
36403057
19886858
15918796
7894684
18271753
21909621
19392682
9846887
249554
13203339
24271046
37111671
38269795
4608905
13207533
26343101
8981086
22002237
31329963
30033822
27243968
665035
34291149
28081079
26309450
10997643
13692749
4132899
4500903
35187518
28564272
31487800
2038189
23088190
34467530
31599446
11048858
20042322
38177824
6751904
3264969
26323654
16958555
14676072
33881347
38638567
29571357
32571750
18690241
10398865
32900392
25088184
36463059
38898886
4013395
33433389
32870568
26206674
19449089
39163050
36768465
28889330
20942315
26078887
39365939
9418451
14123959
11160507
13141993
13064388
6792520
215149
16915898
12557251
1353980
18446226
717320
10835781
11354699
35809851
11637428
16928620
2335235
22326608
6088153
24682636
9528492
30557060
25444033
14760190
37836490
30900555
1110397
23970487
28873037
16332300
10470281
12052475
29021086
12277247
14014261
25813787
14420869
7590709
31686318
18788970
19896910
24879212
8867672
11734415
13901058
34127964
26459737
1672882
21191398
38906059
21824800
15627819
13112900
29698699
12357407
7524684
32270720
24838813
22218214
6426876
38584538
1819936
13937073
32275924
38883946
30395133
18472294
29684263
20736045
19710228
14793514
4404918
24391710
1599261
11245577
26274520
3454529
32774958
17219932
33755332
11733263
24628384
26207140
10436224
7921225
24343424
4056492
16066719
15639513
598961
19514973
20930883
31905219
13770717
15939577
36894263
23075346
33730481
26260458
31346232
20823432
12874637
6305049
1880447
1381805
20096058
16877799
10906965
18674665
31788812
31913091
38367107
13656896
24936807
13391466
36034569
25305737
19098097
10815838
24161438
14132581
28053788
22250307
10850389
36688542
8553266
34630184
4490095
17455843
15923648
38742817
4785019
23718039
18985782
32074781
23736502
25001591
28186414
28421968
29494295
518731
3718133
20168385
10966628
23199397
4445605
14690695
8598264
25996719
9501584
34455007
18769047
31532292
12444442
9928288
9733997
8381335
9483099
8823911
25381707
32118718
27842642
10913897
20679484
25593300
38570258
29797893
37003765
26895626
28302389
5328151
32057131
35456367
19211994
24698749
21283473
27332359
7348975
6961474
4126698
19415538
26618319
676394
39514143
20700985
10127726
21058979
24120606
27077919
36115875
26475528
32761227
29597969
25753305
5136109
29587084
23337418
30533372
9818493
27979400
28151683
11969439
27402934
22629341
26433758
39114135
4119422
7436377
13025185
12212642
38108768
30793246
36519055
468041
26161294
34024536
29548291
13266985
24725623
11512651
33221734
957163
30177231
12062411
8224724
29305343
13300600
30187709
27913828
2304291
17496446
10559095
30176373
4759015
7879407
9350558
11673001
14837460
33462474
25236593
34378223
9317115
4847792
15279397
3089950
34142590
7964691
31597836
12380592
17306205
27387781
5663523
34853933
11495130
33574542
32103887
31731441
12741933
11862162
3498950
30307586
33595825
22593963
18420978
31950449
469825
25398349
10005502
7715698
33099705
14106084
13252982
31145727
6585794
26550355
9024120
23796777
26639563
5290190
16036877
229631
20072333
3677786
16440271
39080202
4586351
16056876
22572960
20355477
32488925
11038384
17608871
10819804
8321611
19810453
12668641
33221619
4486816
36966968
9075437
10779321
37987702
35320960
26233496
11142483
14300874
17129531
38280828
21894582
17955911
4136867
31649336
15354637
26027343
30764693
2187688
2973092
13258952
20412736
6875312
9823768
7950230
12326626
36939087
29622702
39564378
23310979
3810675
30657282
1567280
35571834
39706462
29243205
8583159
16697038
21877519
5692051
18776495
32641971
11686670
26919334
15296964
13760741
8744816
31964226
7052483
13113706
37328508
14760019
29645090
16480229
28835691
20485334
30150626
752402
4877322
21166387
36020147
27189148
29283929
26218991
1911020
39554420
37556941
1686259
38974919
20742565
312289
1469920
9986782
32500718
33866499
32658957
24174485
31663829
13333349
5366428
17307588
25323675
17389372
1997405
20265556
33286132
9692257
31137801
12913195
32540278
29252483
7262832
33497941
28759342
7309329
34293920
33088441
8206486
20595183
18874723
26018020
33422961
12450405
34204959
34388097
17057289
31737980
14886886
520632
21906621
15999800
31000007
29461645
9280077
7175777
38391327
6244371
37448786
18585739
29673185
22950919
35173866
12701063
16963070
15780696
22616157
15964111
1895079
2924815
31573925
30241865
31043320
8434288
24495047
19988207
5409554
30273639
2093599
12821876
29539142
13463729
12418365
32819263
39725135
4325621
6599336
14916410
37740863
27955000
15994355
30623696
5840236
8276052
24389868
9681748
12056481
38791240
30726867
4213626
30477819
22705185
7690127
14504999
3865010
35652338
5113020
19500882
30756992
28479900
28114494
32545299
22799555
24816291
25909738
18540934
17955701
15286571
32029335
1937521
12773308
16104083
6267783
21279441
14104171
17467081
35781327
29995712
35922611
34911863
25044554
35309506
90704
33560331
24705120
16549256
792514
9217028
30552271
26933751
39309807
11338978
35253306
15407435
26478334
22646898
20276937
8342053
31520215
24188707
10217672
35150361
2108214
26919997
2526729
25921672
30380344
6891636
10339212
626451
8038697
1489065
9174788
31851976
10936721
25427230
31411806
9382512
26324213
25588633
25565584
6362932
36172562
14606583
23677955
13083038
