100 1000 6257
225
462
924
1000
291
184
742
835
889
429
154
745
470
775
390
535
952
274
161
323
12
77
521
927
39
837
563
825
779
827
221
355
288
144
355
930
328
448
765
568
228
270
664
50
396
405
584
347
31
96
21
394
524
542
321
915
730
235
91
860
61
312
215
700
455
921
630
134
368
746
54
947
15
69
996
762
474
579
460
504
27
481
897
902
374
217
816
103
803
907
962
863
570
528
915
376
800
544
510
519
289 915
983 461
392 227
707 208
776 839
97 848
727 707
602 902
816 862
323 15
242 917
476 153
991 617
464 326
384 145
46 817
679 475
489 969
237 548
52 113
729 551
876 585
729 859
675 175
649 998
967 770
669 952
416 285
835 947
531 831
689 622
148 371
721 772
894 208
512 211
495 452
751 167
997 769
742 980
702 467
590 674
882 405
615 734
186 446
612 886
654 163
142 396
214 320
345 429
833 386
120 993
790 50
935 863
26 710
457 969
640 627
55 815
201 883
875 945
994 623
837 481
190 258
578 390
368 846
660 465
348 49
345 914
888 6
838 542
151 318
708 46
891 847
312 916
964 700
966 525
882 671
212 867
536 124
169 736
583 574
489 777
477 543
68 165
836 927
145 766
241 553
289 648
221 483
611 427
969 33
197 878
804 356
474 895
447 253
900 645
479 128
906 453
485 408
637 302
10 847
93 717
322 374
19 287
414 633
85 466
225 511
813 19
218 390
458 555
929 179
465 452
84 85
550 798
661 43
62 637
378 653
559 845
23 21
824 284
368 673
822 867
909 379
15 303
955 596
440 895
267 489
772 775
447 126
992 152
882 760
414 525
472 568
815 937
425 431
206 222
347 148
651 430
541 163
39 121
41 907
196 201
631 809
31 909
409 815
244 656
818 73
194 763
22 491
691 726
887 59
968 700
514 63
718 80
153 686
801 812
654 74
799 929
340 576
441 12
730 251
755 184
984 578
583 511
661 179
518 875
802 951
963 83
685 994
177 777
354 31
893 567
745 564
438 604
555 701
783 32
25 274
50 852
234 734
300 608
172 986
589 149
849 88
119 626
900 708
911 760
493 98
57 357
694 251
399 444
531 844
469 383
442 189
948 76
525 935
825 513
53 561
41 775
708 378
872 424
444 234
432 503
438 680
192 467
27 865
992 468
845 7
430 318
903 838
693 195
874 534
1000 135
352 102
569 746
104 180
849 310
500 558
752 781
666 119
254 404
505 838
935 43
222 372
34 386
943 311
444 100
218 768
171 519
708 781
175 993
716 660
45 692
3 412
863 760
527 31
902 386
518 528
872 691
350 609
652 24
436 821
580 357
739 985
722 934
461 259
950 75
35 310
333 833
5 494
202 499
835 252
186 884
143 781
855 304
965 194
378 970
815 538
36 416
668 240
476 276
409 587
890 210
404 134
455 623
160 185
601 593
185 899
174 729
316 393
602 756
889 617
239 4
189 600
192 65
963 935
15 322
429 1
617 206
210 325
924 899
315 1
287 582
948 890
563 221
221 135
341 373
49 998
248 540
540 338
271 659
900 812
384 695
829 166
538 70
720 263
406 697
239 327
157 936
564 963
118 11
155 959
28 111
373 713
761 156
834 942
877 397
359 717
727 486
444 284
394 207
271 928
435 472
413 277
25 271
987 480
318 673
956 926
484 858
138 67
890 517
145 802
72 375
206 464
488 125
403 627
837 666
732 479
995 89
242 570
296 913
377 550
675 419
46 506
171 305
136 807
247 503
72 631
544 875
777 300
71 497
2 840
497 259
65 6
860 85
716 303
530 574
226 368
865 634
825 463
721 520
877 121
205 303
957 372
946 763
131 602
587 228
690 954
473 444
564 402
56 807
531 273
36 344
298 463
42 75
28 83
526 93
846 342
501 951
576 114
809 503
317 991
65 988
70 283
727 202
543 299
249 385
850 930
784 265
607 105
93 248
530 116
669 551
849 653
390 678
960 59
675 365
469 3
251 124
239 591
141 920
573 74
104 711
121 449
813 351
354 381
504 676
618 827
746 820
894 537
248 831
631 919
270 591
971 676
351 16
194 270
442 176
713 888
70 445
715 546
136 624
300 591
959 907
528 399
926 52
291 337
133 684
581 608
583 845
787 514
420 909
659 43
94 570
259 578
613 857
816 125
321 138
651 571
831 804
846 636
557 350
279 770
978 147
271 48
538 527
450 605
760 682
317 545
246 275
44 245
391 907
306 61
588 5
961 696
377 140
36 628
902 308
904 979
885 835
896 615
620 119
814 594
734 680
307 207
866 262
240 526
713 427
41 403
874 72
665 243
274 518
76 976
237 349
226 830
256 322
725 746
817 899
141 568
438 157
132 837
185 220
401 851
173 652
398 611
861 185
753 38
194 462
298 564
135 296
147 647
298 198
160 468
652 715
752 137
951 703
266 75
371 381
27 534
731 809
276 39
105 282
770 979
33 184
258 105
485 40
573 386
194 964
2 807
440 134
464 524
707 952
56 547
939 143
529 292
255 415
222 994
127 85
608 855
806 584
482 628
771 155
446 504
271 618
963 430
514 430
284 820
755 823
450 55
561 346
850 594
211 773
554 170
951 996
168 734
556 680
734 518
215 150
95 764
888 201
723 148
144 104
837 285
964 94
963 380
882 50
165 479
680 815
963 56
159 36
320 703
148 189
569 731
132 879
357 410
576 895
950 919
954 818
873 191
379 297
379 416
294 525
934 209
455 882
800 97
915 316
858 343
639 287
702 634
158 741
301 442
323 54
150 724
39 662
4 360
998 369
355 945
685 450
891 962
15 952
675 619
280 133
492 146
867 341
285 290
740 94
407 451
754 234
204 868
1000 507
5 448
789 873
514 230
676 106
909 781
367 791
10 285
792 577
377 184
56 812
393 390
848 112
245 708
850 210
495 992
921 719
902 154
317 457
199 756
220 334
41 273
483 309
301 966
36 454
607 33
841 829
936 519
852 588
861 43
704 936
254 340
145 796
180 472
652 415
934 494
434 360
754 217
153 714
53 739
886 272
95 27
441 847
692 75
786 243
459 461
174 512
250 414
685 776
154 988
186 858
285 534
776 124
584 661
172 917
330 813
588 460
799 21
878 711
245 215
338 544
204 155
423 421
585 407
218 964
984 305
367 566
132 310
206 588
94 181
601 635
393 791
755 327
983 683
600 382
43 942
881 350
530 496
482 517
307 377
55 814
848 509
242 48
341 433
783 892
387 445
961 461
189 929
95 238
747 720
119 974
758 156
47 284
728 349
162 450
731 43
281 631
702 914
887 342
849 16
651 443
144 389
838 77
120 358
989 566
831 199
892 197
212 953
748 370
758 9
438 608
318 315
232 141
339 913
461 196
501 660
30 477
838 347
16 971
202 686
24 636
96 941
793 939
320 186
375 268
967 904
226 728
413 378
365 139
431 25
316 641
178 496
115 45
300 88
167 421
798 49
539 817
842 960
600 863
358 292
336 234
321 319
739 168
568 138
954 78
37 28
890 502
793 447
680 976
647 978
497 610
99 25
102 653
680 909
410 244
42 592
567 499
476 616
225 574
950 909
913 629
537 372
967 34
625 237
735 209
824 57
630 271
531 801
781 875
246 901
934 819
407 355
563 207
263 586
209 213
365 156
31 569
821 782
952 762
116 467
673 905
842 905
117 705
861 970
891 145
278 413
527 831
297 142
398 791
695 491
196 429
750 327
823 223
988 519
349 323
816 882
672 927
417 443
871 230
908 724
947 314
832 564
886 657
539 496
422 68
510 161
742 524
248 316
630 262
826 981
637 874
721 28
95 368
881 837
360 41
356 352
614 38
18 846
72 616
644 973
693 321
157 382
422 816
168 34
72 615
461 423
39 332
656 312
632 169
902 466
633 538
571 270
885 854
629 585
268 902
214 174
694 543
360 344
233 427
48 427
633 287
223 207
461 330
503 36
930 253
485 544
943 906
890 778
1000 765
225 461
316 643
924 381
633 124
19 676
581 600
377 393
157 456
268 824
818 156
536 804
927 206
233 746
345 444
188 311
118 721
897 113
269 117
921 816
373 609
706 753
196 108
770 978
698 211
323 943
59 818
986 718
679 25
777 788
247 315
292 490
700 526
820 946
764 63
780 738
114 828
615 387
701 272
113 484
362 972
270 854
916 972
61 646
474 106
844 629
901 234
718 277
601 714
919 22
345 738
735 440
897 995
623 652
886 875
504 416
481 643
16 930
19 815
607 695
689 960
963 878
104 425
840 829
844 667
685 468
74 366
55 61
23 399
855 384
575 562
742 964
631 969
788 811
177 853
913 662
412 610
993 885
798 305
620 129
449 967
130 372
577 292
953 243
852 637
874 412
68 577
57 37
3 909
280 597
240 732
974 176
165 592
3 137
65 621
9 101
9 127
75 988
719 248
775 467
59 595
731 92
712 647
747 949
427 282
269 297
544 22
488 605
551 289
380 145
791 397
697 302
584 444
741 140
513 278
234 563
203 560
56 194
943 891
192 784
228 440
580 225
855 909
823 398
309 639
185 333
575 352
135 230
670 927
504 988
248 544
941 20
659 403
735 879
230 789
371 672
951 814
153 739
282 311
331 266
668 491
721 559
347 491
514 799
612 451
190 783
446 337
954 923
413 354
912 791
281 452
250 786
237 230
13 845
181 348
270 404
109 187
977 602
406 307
93 11
241 549
394 409
757 350
105 223
761 181
586 871
315 461
53 416
809 212
968 475
579 777
537 984
164 642
512 772
233 559
975 646
419 573
775 255
238 44
37 90
861 897
807 248
574 375
793 192
318 115
369 180
575 426
515 212
460 940
539 275
420 561
879 954
674 201
128 886
400 906
365 596
487 847
474 749
310 13
318 275
754 334
733 222
586 448
934 356
181 399
708 421
738 200
826 684
17 19
240 979
427 821
529 745
496 4
425 611
810 389
72 648
666 45
23 852
24 880
976 404
407 746
356 531
919 994
994 421
817 320
523 404
283 800
555 710
455 810
340 896
241 829
601 83
755 216
619 246
45 921
982 648
810 111
358 924
104 765
848 132
347 78
324 53
325 785
433 934
44 692
967 908
673 885
16 25
700 402
726 385
169 375
418 168
134 115
139 756
771 978
355 831
585 114
498 266
640 522
689 986
452 449
204 112
441 910
494 142
639 995
986 721
410 575
164 327
653 568
714 103
948 983
973 341
326 375
784 187
762 519
846 861
780 583
37 856
190 809
501 741
116 206
745 997
868 56
268 524
107 280
488 59
220 566
658 982
187 204
200 697
104 922
445 748
380 718
129 876
793 734
715 373
576 950
646 323
596 380
480 945
15 44
920 56
770 40
967 390
388 584
180 722
553 608
974 262
533 514
569 328
720 550
291 622
205 473
547 476
435 877
490 756
269 239
919 430
331 240
213 806
278 816
644 163
39 840
595 712
951 870
651 580
819 180
985 605
421 655
818 416
255 978
690 636
857 469
48 717
248 795
399 750
405 988
756 727
56 164
152 979
447 299
367 355
501 310
60 397
736 656
734 817
333 415
394 677
328 358
64 396
58 506
902 237
244 24
192 684
99 707
735 850
559 720
468 415
921 705
942 980
3 347
30 983
41 428
629 358
429 648
62 50
755 116
447 750
229 823
302 824
10 41
289 550
884 30
77 974
775 836
585 891
66 730
553 680
73 48
949 711
92 299
273 877
813 947
665 392
658 148
860 572
755 599
119 554
952 302
114 522
821 457
114 61
273 606
361 368
838 91
394 767
232 648
820 667
132 780
52 709
421 177
14 934
327 748
979 978
797 250
269 176
956 976
36 251
427 509
794 601
348 974
951 405
6 137
312 776
751 466
716 995
503 564
164 282
255 484
240 220
708 559
686 896
362 319
313 871
434 561
195 932
768 352
923 365
275 827
722 341
659 26
248 138
51 654
586 90
441 106
470 667
493 695
36 507
884 216
705 857
863 441
530 748
853 214
232 731
426 529
388 994
561 226
435 917
357 722
821 247
812 455
267 89
711 665
282 784
80 441
679 195
220 450
562 992
116 295
110 316
968 32
559 605
494 80
523 961
978 594
763 198
183 987
225 691
309 707
194 6
959 299
959 28
94 112
294 565
141 889
550 885
943 628
985 842
140 426
805 62
173 665
581 288
529 546
782 888
867 302
793 953
851 879
696 277
349 811
888 684
407 702
905 941
734 88
290 383
35 384
980 93
381 347
687 877
627 437
148 188
403 186
474 953
118 786
518 520
206 39
666 737
884 601
788 318
855 953
423 801
319 111
669 664
329 248
132 697
485 615
822 950
254 460
130 326
346 74
754 584
857 79
105 619
767 712
740 701
394 277
726 169
702 635
492 147
258 456
709 128
192 225
924 263
776 627
926 155
325 169
349 859
850 752
165 615
15 684
595 60
210 127
848 952
734 330
532 467
258 482
699 433
547 14
635 615
351 439
229 308
839 14
271 531
230 911
457 576
942 775
478 771
999 289
479 151
133 560
720 760
740 284
266 695
614 843
875 17
686 145
498 724
751 236
96 232
616 955
406 953
532 644
681 588
85 288
85 244
886 446
268 947
32 764
653 19
614 597
395 935
851 559
861 152
23 950
716 2
577 361
554 142
982 992
775 929
202 906
762 866
937 969
57 784
895 814
947 275
999 555
685 371
888 750
666 848
5 366
533 65
435 134
799 268
467 839
205 696
996 941
564 284
102 956
396 691
438 3
918 460
703 390
259 19
325 807
730 877
272 63
500 102
19 961
420 118
859 560
578 601
759 209
437 302
364 920
21 516
936 630
840 362
291 609
368 154
591 479
842 651
23 571
858 608
799 388
679 587
954 795
797 424
832 555
934 395
373 138
189 277
381 776
19 687
982 218
515 863
418 148
458 87
831 734
696 835
16 720
972 955
332 76
153 2
572 71
791 183
489 349
424 244
46 831
459 311
31 796
797 819
932 704
979 342
275 808
953 653
688 147
125 242
843 10
54 368
396 389
664 698
505 811
815 715
352 430
184 873
994 177
339 88
679 949
730 806
678 102
951 101
446 16
408 252
57 749
129 99
551 72
200 294
559 575
675 899
883 115
277 563
925 19
687 143
904 649
655 549
932 370
252 323
560 929
644 538
802 331
473 353
8 595
441 892
725 56
386 60
764 360
306 731
974 329
88 798
932 7
572 358
530 835
438 218
315 676
725 39
456 772
252 667
172 914
796 42
831 207
874 497
221 90
545 969
92 421
944 430
225 973
73 89
584 881
452 461
284 308
850 934
602 579
812 824
637 571
183 942
932 109
873 27
738 167
16 253
330 864
378 701
340 235
662 859
39 757
65 514
149 963
585 249
899 380
71 439
100 899
757 869
978 247
760 475
59 770
428 409
198 642
360 371
517 680
433 774
702 37
579 191
804 693
3 441
196 111
748 133
608 148
840 909
618 30
492 263
395 510
657 79
1000 990
214 580
438 238
689 967
458 191
938 766
275 863
941 305
294 105
894 213
253 798
846 110
752 760
216 339
903 206
355 964
425 46
157 796
486 700
257 137
452 722
133 783
578 488
969 455
944 316
742 82
712 965
232 288
489 773
187 537
557 978
921 997
90 606
669 334
918 924
338 237
225 11
195 424
64 349
209 339
596 963
282 929
344 145
298 744
294 676
82 255
651 145
641 846
590 563
902 870
216 355
467 87
937 518
26 116
756 611
552 470
723 631
498 583
602 179
374 500
759 1000
982 626
198 830
320 588
347 871
995 266
899 583
641 576
460 963
848 428
551 185
463 744
368 191
217 971
811 31
958 551
750 393
943 691
505 120
839 804
372 848
10 469
589 17
766 150
471 559
436 261
390 312
190 897
752 380
887 191
269 44
653 170
105 254
521 799
101 668
711 382
908 583
177 46
227 559
447 397
432 1
793 540
570 705
264 406
189 862
215 634
555 9
713 876
633 933
147 848
833 914
922 381
496 308
578 444
634 776
613 905
285 975
283 154
597 719
846 873
365 514
197 429
39 907
97 493
943 949
357 826
299 277
535 583
42 275
26 228
586 347
995 332
637 848
562 801
778 347
609 247
236 416
977 951
500 737
697 393
991 629
606 704
959 695
783 711
103 707
920 553
353 577
222 343
405 70
412 355
185 41
495 828
376 116
570 798
676 7
105 969
229 950
872 445
242 237
341 539
507 578
649 387
183 854
90 644
417 141
859 566
193 748
378 2
997 713
501 146
281 616
342 419
772 353
559 303
448 823
513 981
101 733
356 667
114 710
224 214
740 126
604 147
810 454
45 519
84 55
300 994
385 388
108 877
230 489
221 635
18 760
428 706
134 321
123 168
811 816
595 425
558 428
476 68
529 228
982 756
448 549
345 75
332 808
12 102
824 35
497 472
546 274
919 724
978 49
597 500
729 870
821 196
173 270
110 66
146 859
679 553
229 482
933 306
792 142
667 371
832 71
275 511
342 819
312 950
672 524
799 498
840 211
82 80
796 936
606 796
683 120
261 760
558 9
464 727
290 455
574 931
530 77
639 106
190 842
96 541
70 722
798 39
590 877
643 883
775 327
874 266
914 783
240 360
878 177
114 550
995 445
253 350
72 658
478 399
949 436
402 711
952 693
39 747
5 609
10 75
773 94
905 821
130 322
684 480
306 166
390 168
883 898
581 47
163 556
910 724
944 563
787 565
826 379
13 672
953 825
740 597
513 62
792 176
567 573
51 378
342 841
812 877
754 18
708 192
348 245
105 782
287 558
958 489
85 460
251 7
880 928
428 104
189 400
2 991
652 604
574 73
958 984
742 556
696 569
298 814
523 10
13 312
813 695
620 649
770 786
798 758
69 791
655 729
942 131
777 345
669 246
388 449
268 173
948 828
31 442
548 361
804 174
312 168
199 98
572 962
621 483
536 291
788 406
739 950
891 550
173 802
282 365
737 694
187 208
818 71
974 244
653 57
595 936
312 965
387 836
489 932
314 428
91 71
35 659
495 752
33 93
183 9
94 156
490 595
383 229
341 364
457 546
388 405
999 167
507 784
499 208
595 317
668 370
228 942
78 330
729 30
781 73
300 931
420 943
605 785
499 871
876 848
196 177
906 296
361 245
115 517
65 110
779 875
687 122
751 650
944 224
751 614
198 307
922 959
255 599
822 842
808 760
66 763
463 809
733 782
275 973
705 641
74 953
37 615
397 606
835 936
879 357
363 958
927 164
33 483
181 336
794 282
944 64
419 782
513 626
127 513
621 507
195 451
608 346
194 534
943 374
126 456
47 597
971 92
238 988
246 517
97 518
286 100
338 173
946 581
682 146
972 404
503 760
57 334
655 391
673 743
744 337
161 420
132 233
240 440
565 12
524 291
422 267
382 250
940 305
426 594
761 136
859 712
523 822
939 173
167 458
337 391
130 778
422 596
462 2
128 667
215 640
459 657
465 898
570 583
601 779
770 232
888 560
39 799
389 208
876 732
963 294
853 712
302 641
200 807
538 609
902 71
111 481
987 678
989 191
799 76
654 191
185 864
318 724
952 602
813 843
693 928
704 833
113 279
982 784
9 610
459 831
895 90
941 374
557 767
578 318
126 812
164 983
522 408
971 559
207 644
808 629
151 506
678 936
888 407
283 199
962 360
187 137
100 173
948 360
208 316
687 59
208 767
66 693
108 939
28 5
564 735
800 397
406 702
40 427
668 781
422 383
831 408
155 363
614 888
431 673
858 828
641 244
300 114
766 481
461 791
163 852
885 282
770 709
69 599
259 27
726 144
166 564
227 847
457 4
943 991
156 7
397 489
419 779
20 257
89 534
793 804
50 867
588 546
600 533
651 207
654 188
128 441
393 408
109 923
432 919
888 128
921 915
24 818
92 851
408 63
785 668
974 440
304 333
536 212
369 34
318 456
292 742
291 37
934 197
663 177
703 174
621 238
673 259
357 561
511 721
633 520
684 982
602 886
452 820
540 364
10 427
408 834
369 520
898 377
124 68
588 147
641 162
726 246
277 825
535 952
381 230
584 205
480 419
431 147
153 438
152 545
679 656
391 536
871 551
781 712
784 651
411 782
359 134
705 145
158 83
531 818
496 705
184 199
277 856
422 537
935 606
494 503
38 367
757 978
809 173
130 880
158 728
961 239
602 461
214 46
203 166
894 781
12 989
346 374
345 243
928 577
709 407
591 357
867 888
981 122
243 49
807 28
894 855
874 946
230 641
998 932
446 795
756 149
394 971
576 260
911 789
931 689
905 438
686 21
806 918
412 840
591 376
671 606
745 631
562 664
533 213
128 326
567 231
204 635
439 808
122 732
748 2
389 928
327 752
88 24
706 70
579 451
111 620
623 300
121 868
288 664
588 995
406 275
110 144
677 117
56 111
971 735
13 480
915 563
747 455
386 576
88 300
965 587
62 873
421 499
395 703
967 332
745 742
567 117
153 596
684 805
707 596
514 460
313 472
325 968
536 327
22 917
508 600
516 217
840 884
367 633
662 682
498 661
881 705
938 167
223 351
237 771
404 251
825 714
645 453
892 691
94 814
259 383
137 559
720 683
593 721
446 850
42 84
789 61
529 141
587 328
529 687
325 368
177 932
839 842
492 632
318 373
955 165
72 145
119 453
444 194
399 385
430 240
949 805
248 846
524 848
144 828
419 155
521 169
676 251
895 510
176 614
873 113
560 418
606 357
962 165
119 475
104 86
912 183
902 217
195 101
333 150
983 920
312 737
8 884
335 3
961 535
69 947
882 767
657 293
930 887
955 724
228 310
966 398
185 820
89 345
274 996
161 486
163 631
248 353
76 170
636 821
730 150
193 415
180 514
243 875
281 787
21 563
436 449
161 973
550 811
50 995
431 223
671 348
335 703
355 680
332 104
20 629
752 302
755 320
552 89
543 254
75 381
911 915
549 662
205 969
88 381
644 879
146 93
765 297
723 297
532 657
345 779
69 443
348 431
758 437
182 688
87 190
841 128
412 640
244 475
318 668
753 214
704 863
477 882
708 344
408 304
730 898
152 586
558 288
704 928
189 798
844 35
972 109
739 832
774 789
71 711
443 596
71 874
697 91
161 47
580 47
904 153
147 868
468 333
524 799
191 426
225 463
836 517
435 959
813 849
322 214
927 880
875 296
201 38
41 198
42 71
358 623
122 206
428 373
462 679
876 329
794 517
620 195
851 688
125 612
375 296
153 240
431 243
768 109
673 945
4 365
266 885
822 53
295 922
336 727
360 824
114 776
732 882
708 643
773 898
737 396
127 93
264 378
361 444
939 509
970 892
364 531
78 499
976 401
330 613
92 800
973 911
846 626
810 600
566 867
762 642
180 107
784 246
873 503
313 407
49 336
854 609
207 12
306 738
177 399
554 672
720 221
680 275
963 705
611 321
162 164
717 367
456 594
169 405
417 835
832 647
13 454
690 404
387 803
770 799
953 843
762 8
732 979
455 123
868 162
882 212
214 544
522 754
397 626
963 949
480 360
186 960
990 78
419 511
737 927
777 565
607 265
951 57
319 968
38 734
569 645
478 536
760 214
595 583
234 115
246 347
932 707
232 302
502 562
283 749
91 957
806 814
643 490
233 554
856 588
721 16
956 948
837 859
677 271
735 1000
284 443
608 889
726 850
44 110
515 379
539 350
362 794
532 127
540 409
51 315
203 35
150 783
133 860
374 380
680 458
309 278
412 494
515 904
772 135
444 580
905 785
883 166
991 561
747 621
945 110
903 613
143 27
357 614
80 577
196 997
857 850
679 641
346 370
624 765
991 372
895 431
273 448
704 437
826 944
485 43
38 858
561 137
315 654
707 444
434 66
924 396
319 381
27 496
629 576
407 4
675 98
248 756
11 856
287 66
997 608
99 907
760 780
699 178
670 828
383 567
949 593
981 148
595 328
829 375
675 302
634 18
527 871
699 149
314 761
208 861
947 746
461 601
868 338
298 337
66 750
5 860
297 419
718 655
194 694
375 789
655 538
677 502
914 894
220 649
156 432
971 293
436 394
686 808
709 823
852 281
302 309
777 956
858 179
563 161
162 999
128 587
306 708
646 105
430 646
751 576
73 706
688 570
239 215
154 567
376 564
173 672
545 477
948 259
941 765
883 912
588 607
13 481
904 434
214 523
572 97
393 107
467 593
649 690
873 901
335 244
185 521
953 692
117 462
499 837
831 619
928 384
543 579
975 519
379 791
157 500
740 557
532 400
130 273
450 489
113 337
832 575
306 459
975 651
185 387
529 431
994 802
776 443
93 215
601 30
218 724
92 625
533 790
487 535
21 406
427 475
96 92
299 338
791 370
280 40
637 46
614 704
380 400
795 959
895 767
687 793
459 813
693 267
669 514
344 5
700 390
429 728
726 705
862 986
615 440
471 201
856 535
863 78
418 508
644 121
373 208
94 840
846 786
725 958
789 315
612 868
904 48
161 912
331 822
459 365
186 274
510 329
568 478
908 182
427 787
621 132
260 137
158 504
930 624
946 996
460 914
914 10
560 926
352 511
989 546
590 541
502 103
182 814
709 363
872 8
980 200
814 267
622 765
234 452
519 947
395 65
873 163
692 916
854 237
442 325
563 464
864 398
629 336
964 80
673 797
665 434
173 424
410 606
453 25
203 473
636 767
881 617
826 294
517 172
262 782
366 234
118 561
579 734
66 142
804 626
998 738
270 37
312 405
770 127
330 723
378 32
381 242
716 111
535 280
410 27
34 116
390 443
509 454
229 100
34 219
64 559
176 116
179 206
803 666
883 249
860 885
705 759
433 461
542 802
402 128
412 759
660 833
920 797
975 862
42 773
784 928
760 608
535 824
469 531
532 137
1000 558
694 702
752 102
880 542
774 544
386 254
496 758
800 236
28 547
241 170
39 434
815 663
164 757
349 698
398 863
78 391
17 733
441 176
617 442
128 723
659 495
76 155
230 546
621 938
558 715
705 815
967 629
748 549
460 697
509 135
66 693
676 641
63 881
670 262
173 623
245 943
234 327
249 70
890 304
999 202
62 337
623 389
51 468
208 835
831 157
802 508
143 47
956 907
48 342
987 357
522 422
249 409
460 858
802 741
11 504
644 990
620 96
40 221
600 286
192 551
253 402
347 140
172 280
217 630
386 118
817 162
5 565
455 299
863 554
850 303
390 442
226 552
183 91
696 199
326 405
975 369
644 871
87 551
885 882
824 68
253 98
823 994
443 983
270 423
411 112
855 79
216 122
204 548
496 356
203 363
369 236
698 292
989 49
692 986
362 814
778 508
538 386
418 561
641 625
579 628
461 396
33 759
687 487
90 891
338 130
496 272
309 775
684 565
110 443
518 308
545 696
562 455
141 228
507 579
159 969
637 527
161 999
526 895
17 792
673 911
163 235
639 111
102 277
382 842
940 417
729 46
96 442
621 32
977 849
576 430
450 617
693 318
107 570
40 544
698 235
120 264
498 683
89 883
515 38
10 300
96 238
509 906
766 410
61 111
578 335
158 408
226 762
629 980
962 736
75 853
930 246
527 613
849 518
537 904
728 386
527 776
344 517
371 935
291 510
147 916
947 751
248 920
702 209
921 184
274 948
135 200
956 513
805 165
29 239
975 647
296 562
180 584
349 151
593 15
348 252
570 116
457 575
792 466
402 992
391 63
54 464
883 824
707 868
159 4
99 206
831 654
756 734
638 275
510 959
353 989
472 175
613 450
438 220
765 27
838 425
72 504
981 874
385 937
737 28
996 480
251 702
45 70
772 216
849 674
160 711
763 990
492 7
838 564
192 605
736 449
365 294
89 957
106 543
453 930
638 523
556 255
662 860
329 580
378 916
103 8
449 886
184 798
753 995
811 877
749 584
240 70
590 697
77 621
247 412
32 331
871 288
770 220
449 961
180 703
387 322
211 310
136 703
686 572
224 929
651 374
504 420
500 562
333 229
148 370
795 339
853 244
536 855
322 163
535 295
524 766
119 651
463 874
52 56
131 739
383 511
769 993
244 666
721 121
156 810
564 748
533 284
826 304
472 727
868 229
707 854
956 617
350 56
473 807
459 305
374 707
697 959
17 649
588 383
445 522
659 495
415 395
172 502
799 651
738 978
730 507
498 53
902 433
47 551
949 96
44 989
913 487
529 674
474 271
952 368
730 207
534 210
97 746
538 796
685 768
193 515
4 225
889 476
250 776
826 15
383 10
161 179
950 663
828 982
131 299
173 135
314 78
44 597
531 959
54 467
789 643
954 680
793 737
486 440
815 980
847 64
508 420
847 362
60 265
481 200
816 519
490 790
193 475
402 906
404 648
553 62
28 579
272 138
744 621
153 596
569 100
882 144
759 129
612 414
757 619
661 245
212 717
581 602
162 656
182 123
978 861
225 941
816 919
449 497
474 142
290 95
634 740
890 979
60 963
875 311
766 346
451 957
281 224
532 548
88 117
48 47
746 365
4 826
154 924
363 189
211 541
517 857
632 708
932 807
492 496
90 720
347 389
87 99
698 394
407 900
47 34
328 908
235 231
304 481
784 27
114 327
711 569
837 489
73 55
467 106
479 290
588 241
518 860
464 598
420 817
13 912
62 169
80 823
626 645
819 398
421 34
990 77
417 13
887 371
350 306
878 556
203 156
711 417
280 57
396 600
841 577
807 485
392 534
187 372
347 702
73 205
800 314
870 836
634 6
664 554
539 909
212 385
645 860
743 939
321 55
993 400
725 580
46 537
180 628
754 632
197 866
853 206
926 783
709 563
635 750
778 609
568 336
203 714
916 812
190 711
212 260
501 452
18 215
198 333
550 241
573 556
796 577
860 146
87 277
423 317
929 703
436 407
390 651
475 396
517 732
557 554
709 223
82 857
504 315
280 253
798 37
685 608
645 579
223 832
388 481
57 458
498 597
918 692
640 938
969 608
897 282
771 874
841 910
968 515
923 691
198 302
743 928
211 361
923 459
609 143
601 641
398 937
655 97
118 559
628 266
342 720
269 839
268 142
907 721
312 20
744 826
773 25
988 90
834 23
705 23
785 166
560 854
189 112
817 116
85 610
573 201
395 207
321 822
863 405
983 965
541 269
790 490
818 603
562 426
380 482
406 878
712 604
580 213
332 408
958 977
532 444
705 737
313 441
114 685
107 118
73 455
128 745
384 916
375 899
465 543
428 436
534 1000
607 870
375 460
884 837
294 37
337 199
135 420
338 194
219 837
31 757
241 63
611 211
184 258
794 330
423 477
108 148
827 61
540 190
860 456
548 196
555 678
102 110
107 645
115 259
570 938
225 415
661 827
226 864
569 22
84 50
512 488
429 990
768 108
831 492
102 860
38 942
360 265
620 762
438 398
393 326
151 552
390 815
181 163
978 359
34 77
463 507
438 165
390 351
508 190
999 929
14 348
310 51
604 828
197 238
665 516
726 817
608 202
31 588
790 791
197 470
543 391
168 314
739 22
36 403
899 784
822 556
662 361
544 685
116 895
652 829
314 9
355 913
841 660
813 19
875 563
564 420
52 112
354 466
710 80
479 759
191 807
566 760
314 351
998 807
81 337
988 708
652 736
247 521
106 133
250 521
185 274
244 407
456 627
49 593
219 284
736 588
675 385
730 110
562 218
621 415
655 475
500 231
798 536
189 375
846 752
645 752
299 867
517 516
920 752
596 878
779 174
398 27
762 361
373 257
791 799
55 458
2 944
725 295
226 723
415 165
585 290
200 677
893 436
949 801
784 505
459 429
235 620
906 290
262 194
455 558
552 995
532 114
54 784
744 326
72 789
773 77
217 672
225 837
64 889
28 103
65 607
23 682
641 553
10 145
671 20
40 295
193 597
141 825
753 757
540 465
707 822
698 25
187 82
734 490
265 642
156 565
207 751
168 539
62 18
479 372
96 923
602 100
818 185
708 321
239 959
465 72
451 838
951 813
960 150
835 550
756 380
639 554
271 900
855 801
493 588
623 984
126 620
519 667
295 488
956 328
777 595
349 645
428 275
963 606
116 146
413 475
67 406
537 518
947 366
95 610
208 691
231 820
602 556
731 375
345 981
330 414
199 42
478 369
605 45
158 484
710 306
389 513
818 282
12 815
599 427
887 247
900 82
674 487
137 186
82 469
743 634
122 199
443 40
758 276
308 805
305 93
346 245
245 881
329 239
901 165
496 900
152 274
60 905
403 540
489 580
463 406
625 276
92 254
357 605
599 950
425 69
983 491
885 574
72 964
359 985
337 14
725 748
963 762
934 673
509 939
365 375
1 254
606 18
372 410
6 867
102 862
901 479
3 933
609 86
716 423
205 463
815 388
941 701
945 873
498 290
289 720
648 543
3 897
115 847
23 863
62 371
831 199
519 277
137 598
461 789
528 779
451 793
41 411
962 261
208 263
979 745
106 671
456 274
724 5
349 597
284 436
676 842
288 239
893 653
803 801
464 764
564 111
820 551
540 496
559 107
599 695
320 712
3 489
159 907
485 786
467 14
314 172
412 966
112 372
316 823
492 759
61 732
401 232
189 777
504 764
264 849
612 521
200 948
975 292
984 802
864 692
403 137
878 474
633 822
916 753
392 820
433 895
327 988
419 587
204 640
543 180
442 999
825 134
302 223
500 785
284 393
388 214
342 909
737 841
389 591
83 836
940 716
874 839
150 269
264 576
988 663
399 213
399 843
333 122
163 351
322 418
58 620
892 485
856 246
67 157
917 479
701 720
788 352
425 110
159 958
540 140
274 663
521 835
868 553
727 194
48 280
855 172
306 559
712 228
142 459
53 600
757 504
537 352
913 652
210 945
785 809
664 643
985 665
282 73
291 390
247 670
351 473
309 660
463 170
973 680
929 476
508 75
399 198
305 431
908 643
595 475
71 25
106 48
362 269
790 445
457 723
519 123
375 746
205 905
998 740
843 780
145 785
530 723
913 238
379 374
838 57
182 196
564 963
154 215
411 927
973 321
183 371
569 590
468 309
928 744
557 253
960 630
234 568
646 581
403 721
914 32
34 979
862 660
394 148
333 510
283 266
409 766
768 956
73 827
739 615
895 367
628 509
79 577
815 154
389 628
54 181
841 788
360 630
550 343
289 607
890 833
68 554
222 203
921 820
1 184
279 98
214 517
307 496
828 839
827 206
330 563
660 209
970 602
145 534
311 32
397 461
967 680
871 130
874 511
322 538
119 51
950 351
142 306
694 479
647 953
880 482
713 88
865 350
696 343
892 524
911 593
187 22
614 167
876 500
376 888
462 278
874 303
580 643
888 530
599 737
942 418
363 45
141 732
199 257
340 13
621 37
394 655
79 375
926 878
169 433
614 667
351 233
355 880
896 606
646 878
380 720
450 515
421 396
990 477
914 359
835 739
640 471
839 737
791 12
110 833
597 112
279 81
174 683
694 320
651 552
298 135
174 975
162 58
519 427
901 148
886 117
192 569
351 483
323 761
603 652
239 210
443 892
322 250
81 19
370 302
13 364
418 806
238 635
677 252
943 522
402 417
690 829
942 39
683 285
791 676
289 865
424 814
800 54
492 228
272 37
15 64
415 585
848 989
639 885
236 324
373 72
477 864
132 87
519 611
587 739
863 182
300 754
958 512
710 704
849 222
830 64
441 688
940 586
674 864
939 278
850 247
90 787
475 524
882 993
803 392
562 3
584 879
325 128
953 594
972 136
996 166
641 805
230 958
411 30
634 659
330 283
738 418
520 338
232 594
98 273
593 635
907 749
78 574
379 437
363 507
113 970
73 23
538 483
606 549
195 309
318 588
855 913
103 465
601 965
927 721
923 601
167 992
348 364
356 158
978 525
503 564
88 980
337 548
109 411
213 490
120 193
311 761
800 462
961 157
469 206
620 719
387 382
740 716
48 152
839 953
633 118
829 109
648 199
360 121
971 791
548 21
217 414
106 293
764 252
962 255
423 830
437 662
147 291
279 236
161 819
727 251
207 615
697 793
345 613
986 832
74 376
207 456
14 688
871 852
375 387
246 263
423 932
815 467
236 372
261 448
477 687
301 901
168 322
790 570
131 395
257 796
272 386
953 469
628 610
486 43
348 954
669 794
645 696
460 110
720 33
617 365
981 914
384 623
724 227
553 474
664 244
959 836
841 258
559 707
677 109
498 222
968 817
218 210
687 542
403 362
575 108
809 673
354 250
21 567
202 110
683 732
737 244
557 989
617 747
912 742
550 841
597 669
312 128
275 177
689 517
194 308
928 863
924 885
890 490
580 818
301 158
975 508
368 220
847 719
555 969
759 70
501 288
91 665
374 457
322 442
582 738
511 769
21 697
706 421
877 793
147 153
252 174
818 476
921 128
256 624
566 982
127 352
882 657
669 480
910 816
303 481
7 224
643 250
974 803
954 392
381 471
822 546
660 73
234 838
582 830
13 780
580 407
481 377
857 921
37 303
223 364
813 684
98 206
570 711
916 975
402 464
227 169
465 677
612 270
946 214
899 591
279 612
599 461
826 501
313 269
166 955
66 496
41 118
452 382
948 790
150 219
593 575
802 793
586 123
512 825
133 904
275 997
649 101
499 175
804 680
551 963
170 817
460 508
332 3
185 388
634 869
948 236
778 178
955 221
41 916
308 245
611 484
894 933
553 974
548 215
540 434
148 137
787 669
769 527
466 206
84 119
440 903
845 595
439 18
906 231
489 462
285 723
7 747
598 872
733 807
860 454
240 935
575 532
816 892
202 744
377 297
796 177
484 101
792 443
138 594
123 90
457 510
426 619
273 730
274 764
795 315
599 76
221 32
204 508
610 338
478 286
824 867
451 114
122 849
513 171
127 969
862 610
981 100
725 708
202 901
478 66
337 537
85 637
24 785
231 360
769 89
96 977
53 506
791 673
437 852
864 500
938 162
348 688
107 770
544 839
916 541
897 634
174 218
831 752
269 425
609 785
331 693
970 838
578 320
521 68
338 30
922 848
968 408
110 321
192 194
613 400
439 64
97 208
607 605
965 560
528 683
985 489
406 265
458 503
813 14
575 481
69 936
593 287
724 800
996 647
502 233
84 472
484 715
965 522
824 993
63 755
216 829
749 583
4 979
919 785
734 157
97 577
580 308
466 12
331 677
573 916
978 686
794 814
364 682
937 389
8 662
362 874
273 495
846 646
963 706
259 27
538 181
419 512
281 830
776 193
569 238
352 247
950 621
426 82
249 488
94 824
104 642
783 793
510 123
457 325
294 395
341 302
863 949
817 801
159 939
706 680
181 701
964 369
965 496
317 539
207 738
39 13
457 60
72 897
305 372
513 292
769 214
298 212
494 54
660 169
193 906
894 604
7 224
934 736
93 426
95 332
726 115
527 281
118 834
55 496
517 968
893 45
543 951
903 557
915 588
729 496
392 272
629 244
100 67
936 240
238 307
502 695
937 813
750 478
841 24
753 705
633 908
491 525
71 327
954 400
187 511
215 504
286 833
603 69
689 589
480 132
360 546
468 149
197 121
854 327
661 360
951 246
284 396
60 650
951 589
431 479
565 833
148 981
670 654
813 826
885 108
215 529
960 542
495 133
72 507
203 994
23 436
676 542
955 421
318 749
372 280
625 179
973 368
140 447
517 421
67 108
785 170
458 957
367 886
785 780
564 937
768 907
116 154
849 874
9 558
455 300
84 198
266 943
750 572
548 44
151 23
740 204
254 173
338 563
990 156
1 409
427 811
985 747
186 137
244 306
101 776
673 374
902 753
998 916
103 831
205 46
317 403
822 211
262 834
705 47
997 425
843 441
580 566
194 568
783 334
936 807
589 108
287 161
510 551
116 632
866 340
701 220
570 207
673 491
151 702
223 308
680 152
606 890
69 979
852 813
532 656
202 575
867 282
587 646
361 692
387 103
737 83
553 456
793 644
697 979
315 105
38 641
21 73
303 827
504 547
999 344
520 429
463 486
662 13
307 22
169 678
100 809
669 472
872 430
61 233
266 173
139 104
840 680
535 186
264 165
907 31
536 491
773 639
116 134
626 227
463 39
362 318
253 703
968 133
685 348
83 293
544 366
864 476
875 174
499 381
960 98
774 844
485 676
882 79
431 705
783 59
694 840
887 628
739 547
484 626
846 762
940 806
97 263
904 889
267 92
229 710
273 323
32 517
36 327
9 327
480 464
507 1000
969 819
206 767
77 385
308 717
816 968
263 979
207 966
75 626
944 297
244 337
932 265
969 237
999 646
806 9
129 272
389 700
287 755
444 723
462 255
575 907
529 919
353 621
332 122
565 855
17 131
138 89
620 174
83 555
520 641
355 237
943 708
366 13
712 940
768 373
750 596
27 999
804 615
115 398
239 296
129 546
47 934
96 57
587 829
588 456
806 677
626 932
168 444
428 278
829 786
972 587
484 840
530 434
832 909
278 242
852 554
796 550
548 780
629 770
549 119
119 70
149 777
822 597
335 636
607 615
271 169
794 310
205 45
990 941
695 528
641 410
172 925
368 702
707 920
106 175
807 193
262 56
369 517
499 414
793 305
180 151
597 430
305 550
219 108
950 129
21 565
830 642
715 277
978 769
465 845
933 775
971 344
405 340
302 729
1000 626
296 626
636 308
600 246
238 226
194 5
297 489
354 535
719 952
386 85
396 633
723 237
112 376
136 833
130 904
191 886
688 677
116 317
383 296
856 195
947 690
295 205
25 566
174 891
293 254
296 542
905 219
669 803
603 719
982 119
131 655
877 437
408 118
899 148
46 169
830 841
605 198
838 783
880 514
311 143
537 482
614 301
134 575
875 134
825 134
442 127
595 613
115 589
275 382
812 213
938 396
446 554
842 108
800 893
998 404
229 831
174 372
217 211
207 305
382 992
705 355
30 208
516 356
815 374
785 466
776 876
184 395
444 85
735 999
573 269
81 541
941 71
475 373
952 301
511 305
14 269
58 894
396 738
577 688
955 869
331 926
256 494
419 993
773 752
552 141
35 7
665 982
747 930
842 953
56 435
635 215
278 870
554 743
864 551
414 681
794 207
888 659
221 760
394 229
512 623
450 206
492 508
305 385
28 111
926 553
563 645
107 505
153 253
24 800
324 203
972 998
102 447
297 582
338 501
991 389
585 492
218 575
90 719
100 497
707 889
657 160
477 571
159 553
201 970
595 551
486 191
676 70
494 836
645 732
219 161
730 631
761 240
872 107
384 902
954 895
95 589
913 638
886 560
525 289
655 116
874 830
244 197
157 863
186 307
573 379
391 340
385 341
252 408
703 187
375 472
103 447
173 285
761 864
331 18
310 688
519 347
375 447
290 968
367 257
964 111
821 480
989 22
15 21
731 647
898 887
610 314
915 688
108 273
92 427
639 466
209 413
672 216
524 111
678 496
524 975
518 815
483 623
319 325
661 555
880 607
119 80
838 554
558 172
663 288
427 193
126 990
532 544
650 407
281 239
838 918
945 108
724 181
76 113
727 102
4 276
606 333
688 269
692 86
291 294
420 433
582 229
325 675
610 865
441 689
282 901
475 66
255 797
608 980
979 942
600 860
923 941
256 356
983 789
570 494
916 102
275 589
913 80
344 412
186 785
565 659
313 433
408 380
752 478
699 982
24 883
584 883
752 613
26 273
108 525
224 388
304 794
146 305
41 415
659 607
626 683
248 652
285 266
386 344
814 54
33 709
369 593
350 284
950 457
503 429
1 745
298 867
611 457
393 491
659 637
394 519
96 877
948 574
373 557
686 300
615 601
503 906
323 745
930 325
311 243
854 629
309 94
830 156
615 290
912 327
964 356
158 426
782 525
454 586
285 227
239 320
101 390
71 740
776 984
933 617
31 778
40 646
135 926
176 750
67 750
536 215
597 892
249 840
976 979
928 483
839 337
536 235
169 778
220 356
303 980
208 725
179 627
699 669
950 227
943 685
861 893
133 821
378 349
284 887
876 667
729 40
278 865
118 678
837 509
445 990
409 950
390 64
990 428
103 650
668 225
695 447
540 780
10 131
357 271
387 48
169 910
460 459
441 273
938 68
764 901
364 256
370 717
644 678
265 968
968 355
709 957
38 692
959 233
182 686
61 629
600 679
503 714
368 959
310 640
446 460
372 67
646 671
656 792
520 808
112 635
515 249
289 613
330 63
577 570
543 475
857 692
947 173
676 720
337 628
98 946
621 462
898 451
63 828
611 539
803 594
882 423
613 724
17 860
915 635
936 407
46 23
80 544
75 857
402 640
597 300
799 950
661 819
339 406
304 962
265 215
290 347
514 641
325 545
440 245
557 185
489 166
800 431
804 391
661 745
486 816
77 183
303 379
25 645
918 648
742 804
998 933
7 841
125 935
948 976
402 938
804 215
693 313
8 306
478 311
487 477
140 944
696 436
374 182
259 741
555 107
971 559
579 493
389 803
347 834
242 415
643 424
984 586
755 814
528 731
8 787
62 409
741 310
237 397
904 329
159 949
503 837
945 634
711 699
332 53
551 32
519 299
188 489
554 839
471 662
164 973
89 929
563 557
117 324
682 131
708 356
425 348
235 213
710 288
71 943
6 911
313 868
337 93
76 3
999 994
244 454
375 726
316 747
781 713
676 706
24 989
855 184
519 823
392 423
347 135
795 838
80 39
335 743
739 559
996 453
524 815
917 97
155 753
512 161
675 303
342 109
832 307
435 148
288 104
567 428
444 182
313 87
141 686
996 851
372 805
516 943
596 332
457 394
341 223
785 78
693 289
763 627
507 801
662 285
305 265
998 40
68 291
850 617
646 385
2 793
580 772
405 470
789 173
876 840
135 398
51 910
301 420
300 58
23 970
707 518
470 757
277 196
224 424
36 413
447 286
602 944
812 966
903 384
909 183
76 483
901 331
220 327
573 24
703 275
806 285
284 640
558 665
536 653
742 209
440 279
253 855
526 761
222 915
498 516
221 478
66 347
578 33
131 753
482 204
301 129
278 119
912 817
793 244
695 882
366 120
246 699
406 22
770 52
891 279
845 326
918 467
125 856
40 718
704 11
227 445
771 400
891 254
496 223
429 396
109 509
837 679
119 212
733 849
400 210
315 940
221 391
799 812
440 364
473 461
618 381
940 172
195 564
40 420
384 181
41 398
622 849
357 625
515 810
717 249
278 215
132 436
854 415
994 921
638 912
11 234
972 515
212 617
270 359
488 606
885 611
708 694
738 324
645 600
795 268
146 835
883 829
284 448
554 274
486 921
379 148
249 921
635 974
669 478
660 772
300 204
87 102
850 933
430 918
849 96
857 23
317 477
634 237
689 146
342 487
875 497
516 286
783 997
750 73
605 368
70 921
53 720
768 989
237 9
771 629
830 791
653 52
201 320
685 14
209 83
310 598
871 619
589 840
200 771
618 617
980 486
276 75
635 538
751 111
911 460
840 828
324 234
433 825
630 628
534 570
172 938
803 175
851 390
446 129
850 679
368 453
964 542
508 719
215 4
267 200
886 209
983 815
196 205
224 221
755 243
121 990
618 256
627 842
356 940
30 932
793 539
756 467
941 515
501 749
118 310
127 608
270 135
164 406
466 778
267 558
540 24
955 102
687 929
623 709
123 801
412 451
985 640
413 14
598 382
274 18
534 339
198 979
6 435
996 349
387 994
126 741
663 171
741 530
705 616
119 979
890 286
639 961
8 199
920 225
150 855
670 937
187 635
672 958
589 962
116 128
916 752
412 217
542 499
583 700
833 837
663 191
735 488
929 250
389 877
467 347
628 40
493 184
742 260
489 99
806 614
881 104
441 669
765 178
606 451
196 720
157 104
552 253
608 622
673 927
24 633
431 81
998 310
383 234
855 49
676 318
321 18
124 723
661 208
982 31
275 542
711 354
375 511
718 929
345 131
106 580
45 74
911 514
701 105
927 155
880 67
394 329
38 61
625 757
128 223
594 26
663 258
286 793
820 347
723 733
205 311
156 688
531 386
287 683
629 496
267 704
202 389
437 271
423 221
646 621
87 195
724 415
22 538
123 447
440 94
282 167
182 17
617 687
735 848
751 192
474 514
894 930
224 238
677 506
255 644
111 589
857 845
203 154
860 549
643 219
169 760
821 207
541 801
306 910
88 463
716 631
833 682
571 168
933 131
753 207
833 603
148 697
323 465
768 91
983 705
739 489
214 874
644 255
171 676
869 180
309 200
55 10
739 230
678 473
150 320
806 513
561 35
530 434
445 323
669 234
518 94
740 957
194 337
8 318
923 469
851 221
651 390
705 323
712 910
158 236
51 571
373 717
718 78
132 537
994 2
860 161
490 627
519 832
441 68
989 395
419 769
797 286
753 623
208 908
402 447
33 608
895 106
338 210
981 286
378 140
175 837
802 885
920 608
624 921
38 144
671 275
800 376
842 24
86 894
155 634
492 613
226 640
781 158
465 666
4 417
257 681
263 548
992 995
550 712
101 528
77 536
481 697
162 50
910 318
248 297
121 547
994 785
614 81
329 871
870 978
900 775
349 429
8 923
495 971
654 617
301 323
585 210
403 497
285 590
424 222
265 226
168 481
773 910
229 388
836 524
595 281
390 973
861 336
598 224
465 631
957 750
632 195
834 762
199 837
357 70
12 804
730 840
472 885
770 490
924 730
237 930
496 641
699 917
598 364
247 546
421 481
881 251
944 238
262 165
466 517
624 81
333 641
62 179
114 796
220 674
794 149
182 795
15 617
161 726
923 471
418 861
664 476
656 943
330 223
888 57
593 448
645 101
117 280
546 669
537 390
515 7
745 344
846 576
969 591
910 671
787 65
67 595
749 254
513 416
154 749
248 214
939 449
222 540
167 412
351 450
908 21
354 203
182 610
530 697
738 951
277 177
294 919
780 768
704 597
724 959
435 134
136 588
736 524
451 572
991 729
251 104
907 377
341 701
683 175
716 454
440 71
91 56
619 705
824 668
715 109
915 612
156 655
664 282
391 377
643 771
515 31
924 787
699 826
595 266
129 372
852 903
755 644
113 173
190 545
793 979
967 248
453 954
758 945
101 68
927 275
568 219
835 589
739 721
391 215
890 481
147 649
202 455
254 739
244 546
849 595
100 312
35 293
930 555
326 967
891 529
447 830
811 391
170 710
466 170
999 613
902 870
163 35
594 587
228 164
692 400
170 450
739 55
235 574
369 620
216 515
657 175
925 522
923 231
856 298
132 107
950 748
540 256
34 467
165 300
553 192
790 393
409 374
708 862
473 415
936 585
71 70
291 516
31 832
935 703
40 995
41 122
410 528
614 579
108 997
684 859
668 137
371 26
131 211
607 664
95 795
990 975
698 500
927 503
251 990
503 197
1 708
151 582
467 377
247 719
473 584
724 310
16 253
13 242
686 311
712 707
739 158
187 363
149 624
344 816
107 63
707 607
99 142
698 616
368 419
800 78
35 50
513 847
288 895
426 435
239 671
59 812
667 391
514 258
510 624
900 651
86 433
388 6
500 183
608 261
556 338
878 69
448 468
378 135
946 200
767 28
224 838
814 886
437 257
564 666
615 719
648 773
306 653
159 550
347 667
711 841
291 196
608 162
40 736
86 260
123 597
169 413
455 428
925 451
907 417
71 975
20 479
212 777
342 313
673 864
599 11
558 664
642 46
334 290
881 162
302 391
182 420
221 691
532 944
904 339
800 143
919 910
400 307
20 811
192 693
284 598
312 712
186 687
908 979
559 306
829 595
411 171
937 9
489 757
898 64
138 944
509 36
190 396
699 993
6 816
791 650
536 957
105 154
827 219
107 946
117 85
821 189
853 539
408 28
656 511
1 971
133 704
623 645
996 702
986 32
371 423
768 428
107 680
247 31
100 532
826 564
215 566
100 347
600 581
886 386
645 546
614 561
484 156
622 554
445 832
608 574
602 781
274 415
251 671
995 240
737 638
732 534
784 600
768 374
853 979
645 64
691 765
523 28
850 345
581 521
562 205
948 45
954 388
411 467
167 128
255 576
439 741
414 711
234 235
200 630
157 108
696 97
399 766
328 740
737 495
943 878
178 54
141 880
905 59
623 866
158 470
119 213
801 449
147 118
327 285
623 319
475 289
90 611
263 361
56 965
606 258
902 280
181 983
685 458
661 929
805 760
904 539
828 712
250 199
914 261
853 967
8 616
96 972
84 467
439 34
671 511
57 380
651 612
134 5
260 66
373 852
7 502
418 483
220 839
606 263
242 31
996 131
694 583
245 49
895 989
609 34
462 128
437 195
350 687
301 569
865 549
144 151
970 838
967 537
30 315
739 609
9 866
902 444
619 831
49 630
741 882
546 237
46 723
184 315
278 755
402 618
146 378
995 456
69 301
669 972
717 254
416 35
406 222
594 852
793 127
546 635
749 739
645 86
662 907
980 226
419 525
989 197
243 267
449 656
951 549
943 69
365 629
554 738
830 454
604 919
223 845
144 21
937 154
495 79
373 523
376 188
770 340
463 973
533 101
535 816
261 544
296 400
738 382
238 583
391 137
778 73
429 454
204 457
660 851
828 881
721 346
308 692
300 9
796 302
150 50
816 246
296 805
636 4
661 381
124 694
932 922
600 290
593 398
608 952
23 484
160 975
423 969
41 512
436 503
94 346
118 628
188 215
36 788
821 243
994 64
679 12
822 765
799 668
201 931
448 515
842 639
152 393
363 894
615 81
496 305
29 787
109 804
334 208
463 532
968 637
703 357
439 696
269 336
218 337
94 834
845 151
222 890
318 614
596 807
219 407
853 202
335 728
191 131
915 810
892 749
160 307
719 547
372 741
792 486
484 960
23 49
425 131
173 594
612 531
828 151
170 667
610 531
284 745
761 696
533 161
383 224
992 853
727 397
377 912
178 924
44 462
261 697
959 450
751 454
558 769
956 54
381 36
229 932
374 13
639 145
331 188
747 859
677 678
433 607
9 946
863 585
90 905
433 17
969 246
362 374
484 571
309 684
834 183
224 448
343 792
851 395
14 68
291 833
922 383
388 513
917 607
748 348
583 31
953 213
654 305
630 728
763 772
998 763
47 756
238 592
454 294
192 404
188 728
878 714
145 350
799 432
543 874
778 324
44 707
174 187
764 932
471 442
792 259
664 628
43 863
717 98
262 846
247 977
933 676
492 207
646 264
861 392
742 724
36 29
265 502
419 178
754 349
658 420
824 739
474 734
287 435
11 288
322 320
697 393
155 261
462 349
711 68
936 180
425 760
110 117
654 372
805 988
513 512
561 460
802 486
665 272
32 276
8 391
911 691
410 419
698 867
856 970
166 775
271 763
792 808
29 540
272 530
550 408
541 502
161 746
396 914
107 296
567 649
360 809
775 171
992 482
802 708
201 395
298 633
984 789
861 292
808 470
804 72
377 797
41 728
524 777
369 956
893 544
492 862
157 386
884 616
358 654
443 617
432 571
172 202
836 63
143 521
102 644
866 567
368 779
424 30
923 642
237 240
171 336
87 251
610 361
875 192
198 590
84 166
971 415
626 802
5 186
199 768
873 946
915 606
439 98
202 771
383 544
634 466
259 360
450 370
966 356
226 484
470 897
848 117
714 897
800 826
744 522
230 172
747 255
679 537
189 302
442 44
881 563
218 301
710 941
696 175
130 556
909 590
828 769
666 59
349 841
691 291
820 324
165 922
103 46
643 234
937 268
954 783
890 67
565 827
156 964
739 779
267 111
283 374
82 325
226 839
808 904
173 387
474 617
81 972
264 760
754 736
168 616
593 890
991 950
247 932
25 299
656 757
205 850
158 716
271 475
657 818
32 811
371 413
644 19
324 626
873 422
642 932
347 690
608 605
212 913
438 55
736 343
751 436
355 912
600 939
598 928
360 260
804 132
845 348
502 891
962 330
364 563
386 102
923 609
869 932
956 415
252 532
784 729
641 437
737 744
173 566
330 139
667 162
643 113
632 812
902 421
374 464
601 994
604 9
821 917
316 990
378 645
415 192
972 599
455 737
867 591
717 529
556 299
510 776
651 488
61 316
844 150
895 40
945 220
596 416
644 348
314 730
350 574
477 475
320 846
891 165
773 218
68 196
323 785
6 786
193 369
86 691
110 688
344 716
543 384
134 385
105 803
254 15
955 478
870 755
638 182
530 805
128 8
682 432
750 327
136 582
987 126
291 45
754 128
142 767
996 259
349 248
259 941
96 557
594 555
194 222
422 97
554 530
552 614
693 194
388 594
168 126
248 759
178 485
730 980
369 790
720 207
439 415
83 539
574 55
62 377
339 510
986 388
763 716
253 698
321 88
788 984
164 206
549 600
780 324
851 391
12 688
70 247
29 395
12 224
390 944
98 78
946 855
756 82
472 88
521 365
673 869
198 161
941 998
990 524
504 658
72 656
40 81
565 261
386 121
763 87
306 531
11 329
477 660
949 875
651 153
642 81
439 613
637 130
198 758
401 827
551 605
573 413
21 67
340 937
663 626
445 535
309 874
796 573
582 430
976 339
811 650
816 241
62 444
452 286
791 552
490 612
973 771
670 182
144 950
650 573
338 248
937 930
715 546
679 880
363 387
13 167
702 518
848 529
220 16
