50 300 1000
179
285
84
185
3
215
94
242
247
274
274
236
272
275
191
249
148
113
259
206
132
143
233
41
35
111
116
185
292
104
222
171
140
6
107
143
220
200
136
166
225
161
153
197
135
95
197
282
207
155
240 39
131 84
20 78
248 293
187 217
134 230
178 121
154 92
182 28
163 155
232 213
205 224
141 290
271 150
270 1
92 4
31 88
242 96
8 105
29 141
130 23
224 114
114 75
78 138
277 264
111 36
140 298
138 293
67 138
251 272
46 156
46 248
263 243
278 134
183 128
172 229
118 13
284 16
223 254
253 94
37 281
166 280
159 24
4 15
27 49
116 122
75 203
296 47
79 31
62 32
55 267
33 21
69 169
42 67
21 32
131 290
20 197
281 104
122 55
127 178
99 137
256 158
241 57
47 144
40 251
56 107
55 118
83 236
119 222
33 202
245 39
122 57
59 251
109 71
240 17
5 228
201 270
223 119
209 12
68 290
293 298
68 21
89 266
245 177
146 170
40 255
267 150
140 273
22 204
276 103
120 279
207 228
97 143
98 264
113 165
189 113
68 223
77 249
279 68
296 26
168 214
229 219
135 281
93 35
257 35
35 62
182 98
123 291
256 155
125 138
170 229
263 267
1 128
242 90
187 153
144 226
133 108
298 167
95 250
269 54
233 84
173 259
163 202
180 221
28 295
161 40
41 124
229 91
174 189
199 238
192 28
248 275
269 205
296 47
222 197
287 126
66 252
242 271
298 143
169 140
96 127
173 203
151 276
154 160
112 164
186 259
153 243
82 203
29 20
199 150
196 74
175 298
180 75
11 142
97 74
154 86
284 31
227 146
73 287
218 130
192 203
45 67
192 46
131 250
281 57
255 65
103 151
280 233
135 132
250 98
143 192
141 223
31 267
83 278
128 3
235 239
122 146
243 174
117 175
206 20
155 94
274 59
45 90
211 6
249 142
258 197
72 53
124 17
162 26
136 271
112 132
132 257
267 300
123 20
144 201
115 250
86 16
127 93
277 281
289 163
163 96
116 124
77 112
61 280
295 158
250 131
163 185
48 214
9 149
25 237
48 173
152 285
194 272
155 195
80 258
223 182
82 189
126 149
73 52
89 39
62 242
189 50
59 8
241 89
29 227
75 138
241 111
149 294
236 291
40 214
274 196
284 148
74 116
5 48
158 221
214 192
234 198
164 74
269 7
206 38
205 37
84 30
2 138
29 71
21 295
69 215
273 173
262 160
196 243
24 187
76 74
196 158
205 210
124 274
199 153
64 284
226 7
245 64
189 16
173 47
8 202
176 214
118 54
37 114
121 285
48 40
55 65
163 70
272 260
225 81
134 8
122 219
203 251
290 299
63 60
129 234
245 251
83 125
185 291
261 127
77 160
158 258
17 40
273 200
202 139
154 253
143 268
18 123
144 215
129 59
60 65
165 110
248 197
201 107
74 255
130 107
22 157
267 293
109 261
70 1
249 288
94 20
275 253
111 183
40 252
244 154
114 224
276 220
259 29
48 118
122 134
17 7
2 53
219 223
250 154
112 41
141 38
22 243
50 61
62 193
111 188
138 58
221 121
13 78
168 51
293 226
286 164
108 220
108 222
31 117
289 219
297 15
65 202
179 232
147 208
128 135
108 261
129 288
207 279
293 146
47 77
8 170
129 206
92 136
148 276
264 229
207 260
105 149
225 79
300 20
277 49
184 182
157 56
36 149
160 20
220 56
186 99
170 16
64 253
134 284
91 86
286 7
78 65
172 183
33 20
35 111
116 115
150 176
261 263
40 1
172 39
71 1
35 189
4 190
182 166
163 213
4 40
263 251
73 126
212 209
212 114
4 82
299 211
175 273
12 283
285 148
273 289
197 227
41 206
39 87
298 70
94 20
2 124
271 152
193 1
227 259
216 127
213 249
70 61
115 81
76 192
244 297
162 185
226 48
233 271
278 45
292 293
8 73
194 179
41 67
147 281
114 223
59 234
278 163
171 249
228 11
233 243
86 162
76 191
194 251
196 36
66 299
151 54
258 216
176 124
199 122
67 49
231 103
264 10
212 61
33 253
117 115
11 217
298 8
129 166
36 34
113 127
143 41
66 253
155 14
136 113
206 178
54 28
231 149
153 197
202 162
21 6
191 186
111 124
130 41
27 117
35 134
82 135
195 204
234 51
85 259
144 211
38 91
226 21
124 95
7 188
36 257
234 6
223 102
108 53
71 104
89 54
176 175
130 220
272 116
271 197
131 160
1 145
265 95
44 115
11 52
253 294
139 258
250 40
20 34
8 94
248 171
248 22
62 278
31 173
151 158
280 15
95 194
171 282
120 29
75 103
34 275
144 161
241 131
287 178
130 16
210 292
165 251
271 190
198 6
215 280
134 202
137 112
288 249
239 176
200 256
226 59
229 26
26 99
27 109
64 62
23 98
114 271
263 277
101 226
249 244
93 46
16 152
253 242
167 181
6 198
194 267
61 169
36 57
286 273
185 193
259 151
263 66
155 10
255 136
56 20
185 221
136 191
103 288
222 21
205 114
269 114
14 180
209 106
29 53
178 94
290 237
103 131
6 247
47 72
186 274
222 24
164 170
96 119
195 18
239 186
56 279
75 201
95 13
232 15
72 94
72 77
284 209
193 87
162 228
153 107
148 84
128 266
28 24
251 217
116 92
57 76
31 118
69 232
43 238
29 263
213 254
122 300
253 157
234 276
180 5
227 247
287 14
182 261
279 21
181 273
255 230
268 41
19 73
297 264
47 198
165 218
288 246
278 129
176 274
261 62
135 274
3 2
177 9
35 48
183 68
96 170
67 113
92 77
55 95
86 25
142 21
79 203
82 233
18 60
279 202
9 196
118 146
1 172
174 87
185 27
150 41
195 178
105 253
131 67
114 23
103 203
283 9
147 75
31 229
47 280
43 65
42 106
141 63
222 57
47 111
246 114
14 182
10 236
204 109
107 254
101 192
197 149
254 289
287 20
58 98
117 186
249 116
238 16
280 127
79 182
30 65
41 95
26 175
245 71
285 250
114 122
141 148
42 72
155 286
160 85
115 231
299 88
286 168
100 76
132 50
300 59
226 30
192 245
232 151
94 248
150 211
148 167
169 3
143 161
18 27
45 2
204 21
9 104
128 144
135 89
165 192
247 100
33 57
100 257
11 276
132 52
74 192
226 134
219 199
118 51
86 14
22 197
13 105
124 115
128 25
152 135
266 158
1 185
109 160
224 167
131 236
286 12
72 79
202 268
206 101
101 143
280 242
211 33
299 181
264 143
165 21
75 33
298 285
71 244
151 208
78 51
57 168
250 256
68 188
143 83
227 262
3 16
280 55
118 80
32 19
17 142
160 71
49 11
176 278
132 263
186 260
199 58
149 179
115 278
56 258
58 104
14 57
49 231
256 232
49 207
288 40
140 132
104 93
193 94
240 68
131 10
74 32
208 111
217 55
224 142
264 28
8 262
297 284
110 193
285 171
202 262
36 230
133 68
221 57
56 298
48 241
136 156
85 300
156 252
163 100
262 146
180 123
269 261
288 85
134 120
173 243
68 124
114 26
214 109
74 51
285 64
61 72
267 95
231 191
240 281
230 275
295 225
2 152
129 55
126 253
19 204
182 261
274 217
169 113
105 143
275 13
30 283
282 217
221 39
255 103
36 43
130 185
46 263
272 9
82 201
268 105
72 11
231 217
82 249
136 242
60 105
216 215
218 138
211 216
290 169
85 220
174 102
184 229
204 157
99 262
181 110
154 69
274 227
223 252
134 173
84 99
111 264
112 159
168 107
265 254
102 143
203 271
114 206
97 162
34 56
41 129
152 35
238 257
8 207
214 81
239 242
18 293
44 55
36 51
244 49
113 248
86 46
55 125
231 100
89 281
42 122
206 170
135 267
188 267
123 206
263 211
270 139
299 96
84 283
80 50
250 119
273 142
236 243
231 197
186 78
20 201
95 225
72 282
250 277
249 273
261 220
117 43
258 242
63 205
88 156
200 72
227 271
32 134
109 106
61 11
235 173
155 143
293 3
254 64
256 8
216 206
117 159
140 252
71 12
108 182
116 226
6 82
218 283
225 40
96 84
26 287
92 270
3 185
37 5
267 246
97 245
207 108
203 104
280 159
119 218
66 62
178 247
292 110
42 211
75 180
148 97
119 41
189 87
275 203
267 85
188 199
271 131
282 5
96 202
248 144
242 168
63 29
194 61
85 208
280 205
68 210
296 10
270 136
23 211
285 183
9 191
200 190
205 163
48 1
163 103
288 231
19 262
206 240
214 211
32 228
228 242
77 42
226 195
100 30
71 88
238 66
41 152
218 100
123 221
20 295
214 268
28 232
259 198
103 29
48 146
74 21
43 160
244 89
240 283
38 77
18 107
142 280
152 63
226 120
289 43
254 160
246 290
295 287
48 269
294 141
28 198
249 187
259 181
160 110
15 109
288 103
243 300
45 15
112 211
300 267
239 23
168 27
59 147
235 283
109 78
241 71
59 102
86 271
37 249
284 119
212 200
255 115
8 55
97 65
83 252
7 151
204 224
262 236
260 47
168 76
46 52
265 160
273 82
299 231
89 238
50 63
52 258
223 211
122 179
49 195
174 202
282 157
300 26
126 122
