10 70 150
59
62
9
8
7
15
26
16
30
14
70 33
49 35
56 68
57 13
68 65
48 32
40 68
55 24
51 10
22 11
35 22
14 55
29 21
12 55
36 41
68 48
15 58
24 1
55 23
25 65
29 14
38 68
12 34
34 4
44 55
14 8
19 40
5 47
60 16
43 37
68 53
26 24
40 50
36 37
14 61
43 42
4 22
51 27
55 14
43 28
11 56
48 29
37 64
17 26
21 2
63 18
54 18
53 35
9 19
13 34
21 55
5 24
18 56
63 3
11 35
42 33
32 31
3 69
24 20
24 44
21 28
3 16
58 56
50 8
4 5
42 24
59 46
59 7
43 51
21 54
27 62
28 59
23 31
57 58
62 22
32 24
62 34
39 49
31 30
68 34
34 39
69 35
15 70
53 69
62 3
64 19
6 22
7 28
64 5
16 55
38 59
20 41
34 58
19 65
29 17
40 5
67 51
39 11
50 21
10 41
35 15
59 40
36 7
10 29
23 25
25 3
25 44
43 58
43 4
64 14
32 46
18 28
26 68
51 17
30 2
57 64
16 58
45 52
6 54
22 29
20 59
43 44
44 15
44 29
18 49
42 61
24 1
19 49
68 69
65 39
70 64
44 15
51 18
8 68
14 42
38 33
30 10
19 3
37 4
43 54
52 14
45 6
26 5
54 23
3 61
3 14
54 46
40 46
6 48
55 19
