50 100 500
97
87
97
20
29
77
67
94
22
87
37
13
82
46
39
73
35
8
48
6
43
9
41
55
81
26
99
20
52
41
64
100
80
60
19
60
88
37
54
9
24
42
74
5
40
12
78
74
71
77
32 65
20 18
37 100
99 42
1 98
58 29
85 87
12 17
82 79
96 66
65 32
73 45
94 41
21 30
16 80
49 13
91 92
9 55
87 57
53 75
15 19
48 83
63 62
74 20
63 77
31 76
32 36
63 67
85 31
14 55
16 94
13 33
61 58
33 47
34 91
57 85
15 36
42 73
66 96
28 100
9 7
53 42
84 11
95 6
93 58
82 95
91 38
90 89
96 40
81 50
60 72
29 40
97 55
1 81
61 13
22 29
71 96
86 56
62 37
3 10
69 80
12 100
12 41
21 70
17 37
92 41
78 47
56 55
86 98
97 58
50 95
16 90
26 73
66 95
41 80
87 14
63 24
33 42
88 16
5 66
38 72
66 74
5 75
40 86
9 35
29 37
4 80
97 57
28 42
67 90
16 13
99 76
62 74
10 77
9 80
88 16
9 32
21 66
30 85
99 76
38 18
26 80
19 95
3 4
24 65
94 19
69 34
23 22
100 41
11 98
52 6
81 11
56 43
13 6
91 48
70 50
42 94
43 3
60 94
56 86
80 35
92 35
35 15
16 37
82 79
39 6
61 89
69 52
43 1
35 67
76 92
67 13
43 66
89 52
64 5
81 88
29 19
94 22
14 23
34 93
33 8
78 99
6 17
45 69
7 81
36 70
76 97
66 90
9 48
37 31
83 99
85 8
44 33
70 44
88 70
56 70
13 21
39 55
89 93
65 46
57 21
58 63
64 25
90 61
87 33
90 36
52 7
8 62
84 82
78 58
61 86
99 58
34 40
47 36
6 36
85 35
5 46
93 91
29 96
96 56
22 86
14 31
11 9
11 25
53 17
99 6
79 74
34 94
63 2
35 52
13 81
84 34
59 44
50 25
73 20
51 20
75 25
67 27
33 31
88 91
5 80
38 21
27 77
18 99
58 39
50 11
63 59
21 67
11 93
64 44
40 15
89 37
51 96
12 36
31 80
94 9
89 31
92 52
15 24
33 46
34 69
17 85
40 74
11 79
87 66
34 73
13 81
5 79
80 59
5 11
79 41
62 76
52 39
79 13
51 94
60 62
26 89
74 100
75 30
37 95
23 54
84 43
55 49
68 62
90 41
21 39
85 22
71 38
16 68
42 28
89 14
100 26
87 39
42 84
21 81
79 92
92 10
32 24
9 11
37 97
37 93
40 6
68 17
84 73
17 95
19 23
94 66
80 78
74 36
4 71
85 13
32 83
39 22
2 31
61 25
20 46
11 34
29 39
1 26
79 77
6 15
44 33
24 61
96 7
54 21
71 13
76 100
36 16
34 2
94 81
55 57
29 98
43 63
56 35
26 78
97 67
60 87
38 34
96 80
2 51
13 88
65 66
1 55
4 87
76 47
47 94
93 34
35 37
12 62
86 94
12 38
83 34
71 77
1 52
58 37
72 7
95 80
82 70
29 68
69 6
22 57
73 92
64 33
11 35
36 12
62 49
54 15
11 98
57 79
83 78
33 79
55 91
99 27
74 56
52 5
56 25
69 63
35 49
37 79
34 16
56 15
36 83
100 48
35 79
30 52
78 53
95 43
57 62
92 23
30 77
62 6
68 57
84 93
33 29
38 59
81 12
42 84
2 19
29 59
81 23
24 33
22 58
31 68
1 84
28 55
90 70
85 48
74 56
62 10
46 93
30 12
41 49
27 57
57 59
46 96
54 51
31 70
79 76
29 83
53 49
97 42
91 52
36 71
7 91
51 82
72 88
74 85
53 33
48 83
63 65
88 19
70 16
63 50
96 38
57 56
15 52
36 40
32 2
70 3
78 40
70 99
28 56
24 29
82 24
66 76
20 60
37 100
15 72
11 39
50 13
38 36
67 65
21 13
18 85
94 61
35 85
4 67
82 39
32 8
30 80
95 45
27 92
45 59
40 13
49 16
82 23
65 86
84 83
14 6
40 75
15 88
25 76
15 61
84 58
55 27
57 56
17 53
84 16
38 78
96 95
90 57
55 92
88 9
64 52
71 17
95 66
7 88
5 10
95 47
49 96
26 21
78 94
23 100
36 92
22 26
55 64
58 77
47 97
46 3
17 99
97 51
22 50
73 79
16 17
71 59
15 78
35 43
23 14
78 66
49 24
50 26
10 42
61 40
2 16
16 23
8 13
52 88
90 92
41 97
98 76
63 56
28 29
51 69
7 52
82 91
3 62
50 36
52 33
32 53
29 25
87 98
72 40
79 78
40 16
71 51
97 75
20 68
58 44
24 49
67 66
